0.02 0.0282257 8.412 0
0.0282257 0.0383751 8.412 0
0.0383751 0.0498902 8.412 0
0.0498902 0.0614053 8.412 0
0.0614053 0.0729205 8.412 0
0.0729205 0.0852816 8.412 0
0.0852816 0.0952999 8.412 0
0.0952999 0.103419 8.412 0
0.103419 0.11 8.412 0
0.11 0.115333 8.412 0
0.115333 0.120667 8.412 0
0.120667 0.126 8.412 0
0.126 0.132581 8.412 0
0.132581 0.1407 8.412 0
0.1407 0.150718 8.412 0
0.150718 0.16308 8.412 0
0.16308 0.178331 8.412 0
0.178331 0.19715 8.412 0
0.19715 0.22037 8.412 0
0.22037 0.249019 8.412 0
0.249019 0.284369 8.412 0
0.284369 0.327985 8.412 0
0.327985 0.381802 8.412 0
0.381802 0.448204 8.412 0
0.448204 0.530134 8.412 0
0.530134 0.640567 8.412 0
0.640567 0.751 8.412 0
0.751 0.861433 8.412 0
0.861433 0.971866 8.412 0
0.971866 1.0538 8.412 0
1.0538 1.1202 8.412 0
1.1202 1.17401 8.412 0
1.17401 1.21763 8.412 0
1.21763 1.25298 8.412 0
1.25298 1.28163 8.412 0
1.28163 1.30485 8.412 0
1.30485 1.32367 8.412 0
1.32367 1.33892 8.412 0
1.33892 1.35128 8.412 0
1.35128 1.3613 8.412 0
1.3613 1.36942 8.412 0
1.36942 1.376 8.412 0
1.376 1.38133 8.412 0
1.38133 1.38667 8.412 0
1.38667 1.392 8.412 0
1.392 1.39858 8.412 0
1.39858 1.4067 8.412 0
1.4067 1.41672 8.412 0
1.41672 1.42908 8.412 0
1.42908 1.44059 8.412 0
1.44059 1.45211 8.412 0
1.45211 1.46362 8.412 0
1.46362 1.47377 8.412 0
1.47377 1.482 8.412 0
1.482 1.48867 8.412 0
1.48867 1.49533 8.412 0
1.49533 1.502 8.412 0
1.502 1.51023 8.412 0
1.51023 1.52038 8.412 0
1.52038 1.53189 8.412 0
1.53189 1.54341 8.412 0
1.54341 1.55492 8.412 0
1.55492 1.56728 8.412 0
1.56728 1.5773 8.412 0
1.5773 1.58542 8.412 0
1.58542 1.592 8.412 0
1.592 1.59733 8.412 0
1.59733 1.60267 8.412 0
1.60267 1.608 8.412 0
1.608 1.61458 8.412 0
1.61458 1.6227 8.412 0
1.6227 1.63272 8.412 0
1.63272 1.64508 8.412 0
1.64508 1.66033 8.412 0
1.66033 1.67915 8.412 0
1.67915 1.70237 8.412 0
1.70237 1.73102 8.412 0
1.73102 1.76637 8.412 0
1.76637 1.80999 8.412 0
1.80999 1.8638 8.412 0
1.8638 1.9302 8.412 0
1.9302 2.01213 8.412 0
2.01213 2.11322 8.412 0
2.11322 2.23796 8.412 0
2.23796 2.39186 8.412 0
2.39186 2.58175 8.412 0
2.58175 2.81605 8.412 0
2.81605 3.10514 8.412 0
3.10514 3.46184 8.412 0
3.46184 3.90195 8.412 0
3.90195 4.37998 8.412 0
4.37998 4.858 8.412 0
4.858 5.33602 8.412 0
5.33602 5.81405 8.412 0
5.81405 6.25416 8.412 0
6.25416 6.61086 8.412 0
6.61086 6.89995 8.412 0
6.89995 7.13425 8.412 0
7.13425 7.32414 8.412 0
7.32414 7.47804 8.412 0
7.47804 7.60278 8.412 0
7.60278 7.70387 8.412 0
7.70387 7.7858 8.412 0
7.7858 7.8522 8.412 0
7.8522 7.90601 8.412 0
7.90601 7.94963 8.412 0
7.94963 7.98498 8.412 0
7.98498 8.01363 8.412 0
8.01363 8.03685 8.412 0
8.03685 8.05567 8.412 0
8.05567 8.07092 8.412 0
8.07092 8.08328 8.412 0
8.08328 8.0933 8.412 0
8.0933 8.10142 8.412 0
8.10142 8.108 8.412 0
8.108 8.11333 8.412 0
8.11333 8.11867 8.412 0
8.11867 8.124 8.412 0
8.124 8.13058 8.412 0
8.13058 8.1387 8.412 0
8.1387 8.14872 8.412 0
8.14872 8.16108 8.412 0
8.16108 8.17259 8.412 0
8.17259 8.18411 8.412 0
8.18411 8.19562 8.412 0
8.19562 8.20577 8.412 0
8.20577 8.214 8.412 0
8.214 8.22067 8.412 0
8.22067 8.22733 8.412 0
8.22733 8.234 8.412 0
8.234 8.24223 8.412 0
8.24223 8.25238 8.412 0
8.25238 8.26389 8.412 0
8.26389 8.27541 8.412 0
8.27541 8.28692 8.412 0
8.28692 8.29928 8.412 0
8.29928 8.3093 8.412 0
8.3093 8.31742 8.412 0
8.31742 8.324 8.412 0
8.324 8.32933 8.412 0
8.32933 8.33467 8.412 0
8.33467 8.34 8.412 0
8.34 8.34658 8.412 0
8.34658 8.3547 8.412 0
8.3547 8.36472 8.412 0
8.36472 8.37708 8.412 0
8.37708 8.39233 8.412 0
8.39233 8.41115 8.412 0
8.41115 8.43437 8.412 0
8.43437 8.46302 8.412 0
8.46302 8.49837 8.412 0
8.49837 8.54199 8.412 0
8.54199 8.5958 8.412 0
8.5958 8.6622 8.412 0
8.6622 8.74413 8.412 0
8.74413 8.85457 8.412 0
8.85457 8.965 8.412 0
8.965 9.07543 8.412 0
9.07543 9.18587 8.412 0
9.18587 9.2678 8.412 0
9.2678 9.3342 8.412 0
9.3342 9.38801 8.412 0
9.38801 9.43163 8.412 0
9.43163 9.46698 8.412 0
9.46698 9.49563 8.412 0
9.49563 9.51885 8.412 0
9.51885 9.53767 8.412 0
9.53767 9.55292 8.412 0
9.55292 9.56528 8.412 0
9.56528 9.5753 8.412 0
9.5753 9.58342 8.412 0
9.58342 9.59 8.412 0
9.59 9.59533 8.412 0
9.59533 9.60067 8.412 0
9.60067 9.606 8.412 0
9.606 9.61258 8.412 0
9.61258 9.6207 8.412 0
9.6207 9.63072 8.412 0
9.63072 9.64308 8.412 0
9.64308 9.65459 8.412 0
9.65459 9.66611 8.412 0
9.66611 9.67762 8.412 0
9.67762 9.68777 8.412 0
9.68777 9.696 8.412 0
0.11 0.115333 8.322 0
0.115333 0.120667 8.322 0
0.120667 0.126 8.322 0
0.126 0.132581 8.322 0
0.132581 0.1407 8.322 0
0.1407 0.150718 8.322 0
0.150718 0.16308 8.322 0
0.16308 0.178331 8.322 0
0.178331 0.19715 8.322 0
0.19715 0.22037 8.322 0
0.22037 0.249019 8.322 0
0.249019 0.284369 8.322 0
0.284369 0.327985 8.322 0
0.327985 0.381802 8.322 0
0.381802 0.448204 8.322 0
0.448204 0.530134 8.322 0
0.530134 0.640567 8.322 0
0.640567 0.751 8.322 0
0.751 0.861433 8.322 0
0.861433 0.971866 8.322 0
0.971866 1.0538 8.322 0
1.0538 1.1202 8.322 0
1.1202 1.17401 8.322 0
1.17401 1.21763 8.322 0
1.21763 1.25298 8.322 0
1.25298 1.28163 8.322 0
1.28163 1.30485 8.322 0
1.30485 1.32367 8.322 0
1.32367 1.33892 8.322 0
1.33892 1.35128 8.322 0
1.35128 1.3613 8.322 0
1.3613 1.36942 8.322 0
1.36942 1.376 8.322 0
1.376 1.38133 8.322 0
1.38133 1.38667 8.322 0
1.38667 1.392 8.322 0
1.392 1.39858 8.322 0
1.39858 1.4067 8.322 0
1.4067 1.41672 8.322 0
1.41672 1.42908 8.322 0
1.42908 1.44059 8.322 0
1.44059 1.45211 8.322 0
1.45211 1.46362 8.322 0
1.46362 1.47377 8.322 0
1.47377 1.482 8.322 0
1.482 1.48867 8.322 0
1.48867 1.49533 8.322 0
1.49533 1.502 8.322 0
1.502 1.51023 8.322 0
1.51023 1.52038 8.322 0
1.52038 1.53189 8.322 0
1.53189 1.54341 8.322 0
1.54341 1.55492 8.322 0
1.55492 1.56728 8.322 0
1.56728 1.5773 8.322 0
1.5773 1.58542 8.322 0
1.58542 1.592 8.322 0
1.592 1.59733 8.322 0
1.59733 1.60267 8.322 0
1.60267 1.608 8.322 0
1.608 1.61458 8.322 0
1.61458 1.6227 8.322 0
1.6227 1.63272 8.322 0
1.63272 1.64508 8.322 0
1.64508 1.66033 8.322 0
1.66033 1.67915 8.322 0
1.67915 1.70237 8.322 0
1.70237 1.73102 8.322 0
1.73102 1.76637 8.322 0
1.76637 1.80999 8.322 0
1.80999 1.8638 8.322 0
1.8638 1.9302 8.322 0
1.9302 2.01213 8.322 0
2.01213 2.11322 8.322 0
2.11322 2.23796 8.322 0
2.23796 2.39186 8.322 0
2.39186 2.58175 8.322 0
2.58175 2.81605 8.322 0
2.81605 3.10514 8.322 0
3.10514 3.46184 8.322 0
3.46184 3.90195 8.322 0
3.90195 4.37998 8.322 0
4.37998 4.858 8.322 0
4.858 5.33602 8.322 0
5.33602 5.81405 8.322 0
5.81405 6.25416 8.322 0
6.25416 6.61086 8.322 0
6.61086 6.89995 8.322 0
6.89995 7.13425 8.322 0
7.13425 7.32414 8.322 0
7.32414 7.47804 8.322 0
7.47804 7.60278 8.322 0
7.60278 7.70387 8.322 0
7.70387 7.7858 8.322 0
7.7858 7.8522 8.322 0
7.8522 7.90601 8.322 0
7.90601 7.94963 8.322 0
7.94963 7.98498 8.322 0
7.98498 8.01363 8.322 0
8.01363 8.03685 8.322 0
8.03685 8.05567 8.322 0
8.05567 8.07092 8.322 0
8.07092 8.08328 8.322 0
8.08328 8.0933 8.322 0
8.0933 8.10142 8.322 0
8.10142 8.108 8.322 0
8.108 8.11333 8.322 0
8.11333 8.11867 8.322 0
8.11867 8.124 8.322 0
8.124 8.13058 8.322 0
8.13058 8.1387 8.322 0
8.1387 8.14872 8.322 0
8.14872 8.16108 8.322 0
8.16108 8.17259 8.322 0
8.17259 8.18411 8.322 0
8.18411 8.19562 8.322 0
8.19562 8.20577 8.322 0
8.20577 8.214 8.322 0
8.214 8.22067 8.322 0
8.22067 8.22733 8.322 0
8.22733 8.234 8.322 0
8.234 8.24223 8.322 0
8.24223 8.25238 8.322 0
8.25238 8.26389 8.322 0
8.26389 8.27541 8.322 0
8.27541 8.28692 8.322 0
8.28692 8.29928 8.322 0
8.29928 8.3093 8.322 0
8.3093 8.31742 8.322 0
8.31742 8.324 8.322 0
8.324 8.32933 8.322 0
8.32933 8.33467 8.322 0
8.33467 8.34 8.322 0
8.34 8.34658 8.322 0
8.34658 8.3547 8.322 0
8.3547 8.36472 8.322 0
8.36472 8.37708 8.322 0
8.37708 8.39233 8.322 0
8.39233 8.41115 8.322 0
8.41115 8.43437 8.322 0
8.43437 8.46302 8.322 0
8.46302 8.49837 8.322 0
8.49837 8.54199 8.322 0
8.54199 8.5958 8.322 0
8.5958 8.6622 8.322 0
8.6622 8.74413 8.322 0
8.74413 8.85457 8.322 0
8.85457 8.965 8.322 0
8.965 9.07543 8.322 0
9.07543 9.18587 8.322 0
9.18587 9.2678 8.322 0
9.2678 9.3342 8.322 0
9.3342 9.38801 8.322 0
9.38801 9.43163 8.322 0
9.43163 9.46698 8.322 0
9.46698 9.49563 8.322 0
9.49563 9.51885 8.322 0
9.51885 9.53767 8.322 0
9.53767 9.55292 8.322 0
9.55292 9.56528 8.322 0
9.56528 9.5753 8.322 0
9.5753 9.58342 8.322 0
9.58342 9.59 8.322 0
9.59 9.59533 8.322 0
9.59533 9.60067 8.322 0
9.60067 9.606 8.322 0
0.126 0.132581 8.306 0
0.132581 0.1407 8.306 0
0.1407 0.150718 8.306 0
0.150718 0.16308 8.306 0
0.16308 0.178331 8.306 0
0.178331 0.19715 8.306 0
0.19715 0.22037 8.306 0
0.22037 0.249019 8.306 0
0.249019 0.284369 8.306 0
0.284369 0.327985 8.306 0
0.327985 0.381802 8.306 0
0.381802 0.448204 8.306 0
0.448204 0.530134 8.306 0
0.530134 0.640567 8.306 0
0.640567 0.751 8.306 0
0.751 0.861433 8.306 0
0.861433 0.971866 8.306 0
0.971866 1.0538 8.306 0
1.0538 1.1202 8.306 0
1.1202 1.17401 8.306 0
1.17401 1.21763 8.306 0
1.21763 1.25298 8.306 0
1.25298 1.28163 8.306 0
1.28163 1.30485 8.306 0
1.30485 1.32367 8.306 0
1.32367 1.33892 8.306 0
1.33892 1.35128 8.306 0
1.35128 1.3613 8.306 0
1.3613 1.36942 8.306 0
1.36942 1.376 8.306 0
1.376 1.38133 8.306 0
1.38133 1.38667 8.306 0
1.38667 1.392 8.306 0
1.392 1.39858 8.306 0
1.39858 1.4067 8.306 0
1.4067 1.41672 8.306 0
1.41672 1.42908 8.306 0
1.42908 1.44059 8.306 0
1.44059 1.45211 8.306 0
1.45211 1.46362 8.306 0
1.46362 1.47377 8.306 0
1.47377 1.482 8.306 0
1.482 1.48867 8.306 0
1.48867 1.49533 8.306 0
1.49533 1.502 8.306 0
1.502 1.51023 8.306 0
1.51023 1.52038 8.306 0
1.52038 1.53189 8.306 0
1.53189 1.54341 8.306 0
1.54341 1.55492 8.306 0
1.55492 1.56728 8.306 0
1.56728 1.5773 8.306 0
1.5773 1.58542 8.306 0
1.58542 1.592 8.306 0
1.592 1.59733 8.306 0
1.59733 1.60267 8.306 0
1.60267 1.608 8.306 0
1.608 1.61458 8.306 0
1.61458 1.6227 8.306 0
1.6227 1.63272 8.306 0
1.63272 1.64508 8.306 0
1.64508 1.66033 8.306 0
1.66033 1.67915 8.306 0
1.67915 1.70237 8.306 0
1.70237 1.73102 8.306 0
1.73102 1.76637 8.306 0
1.76637 1.80999 8.306 0
1.80999 1.8638 8.306 0
1.8638 1.9302 8.306 0
1.9302 2.01213 8.306 0
2.01213 2.11322 8.306 0
2.11322 2.23796 8.306 0
2.23796 2.39186 8.306 0
2.39186 2.58175 8.306 0
2.58175 2.81605 8.306 0
2.81605 3.10514 8.306 0
3.10514 3.46184 8.306 0
3.46184 3.90195 8.306 0
3.90195 4.37998 8.306 0
4.37998 4.858 8.306 0
4.858 5.33602 8.306 0
5.33602 5.81405 8.306 0
5.81405 6.25416 8.306 0
6.25416 6.61086 8.306 0
6.61086 6.89995 8.306 0
6.89995 7.13425 8.306 0
7.13425 7.32414 8.306 0
7.32414 7.47804 8.306 0
7.47804 7.60278 8.306 0
7.60278 7.70387 8.306 0
7.70387 7.7858 8.306 0
7.7858 7.8522 8.306 0
7.8522 7.90601 8.306 0
7.90601 7.94963 8.306 0
7.94963 7.98498 8.306 0
7.98498 8.01363 8.306 0
8.01363 8.03685 8.306 0
8.03685 8.05567 8.306 0
8.05567 8.07092 8.306 0
8.07092 8.08328 8.306 0
8.08328 8.0933 8.306 0
8.0933 8.10142 8.306 0
8.10142 8.108 8.306 0
8.108 8.11333 8.306 0
8.11333 8.11867 8.306 0
8.11867 8.124 8.306 0
8.124 8.13058 8.306 0
8.13058 8.1387 8.306 0
8.1387 8.14872 8.306 0
8.14872 8.16108 8.306 0
8.16108 8.17259 8.306 0
8.17259 8.18411 8.306 0
8.18411 8.19562 8.306 0
8.19562 8.20577 8.306 0
8.20577 8.214 8.306 0
8.214 8.22067 8.306 0
8.22067 8.22733 8.306 0
8.22733 8.234 8.306 0
8.234 8.24223 8.306 0
8.24223 8.25238 8.306 0
8.25238 8.26389 8.306 0
8.26389 8.27541 8.306 0
8.27541 8.28692 8.306 0
8.28692 8.29928 8.306 0
8.29928 8.3093 8.306 0
8.3093 8.31742 8.306 0
8.31742 8.324 8.306 0
8.324 8.32933 8.306 0
8.32933 8.33467 8.306 0
8.33467 8.34 8.306 0
8.34 8.34658 8.306 0
8.34658 8.3547 8.306 0
8.3547 8.36472 8.306 0
8.36472 8.37708 8.306 0
8.37708 8.39233 8.306 0
8.39233 8.41115 8.306 0
8.41115 8.43437 8.306 0
8.43437 8.46302 8.306 0
8.46302 8.49837 8.306 0
8.49837 8.54199 8.306 0
8.54199 8.5958 8.306 0
8.5958 8.6622 8.306 0
8.6622 8.74413 8.306 0
8.74413 8.85457 8.306 0
8.85457 8.965 8.306 0
8.965 9.07543 8.306 0
9.07543 9.18587 8.306 0
9.18587 9.2678 8.306 0
9.2678 9.3342 8.306 0
9.3342 9.38801 8.306 0
9.38801 9.43163 8.306 0
9.43163 9.46698 8.306 0
9.46698 9.49563 8.306 0
9.49563 9.51885 8.306 0
9.51885 9.53767 8.306 0
9.53767 9.55292 8.306 0
9.55292 9.56528 8.306 0
9.56528 9.5753 8.306 0
9.5753 9.58342 8.306 0
9.58342 9.59 8.306 0
1.376 1.38133 8.056 0
1.38133 1.38667 8.056 0
1.38667 1.392 8.056 0
1.392 1.39858 8.056 0
1.39858 1.4067 8.056 0
1.4067 1.41672 8.056 0
1.41672 1.42908 8.056 0
1.42908 1.44059 8.056 0
1.44059 1.45211 8.056 0
1.45211 1.46362 8.056 0
1.46362 1.47377 8.056 0
1.47377 1.482 8.056 0
1.482 1.48867 8.056 0
1.48867 1.49533 8.056 0
1.49533 1.502 8.056 0
1.502 1.51023 8.056 0
1.51023 1.52038 8.056 0
1.52038 1.53189 8.056 0
1.53189 1.54341 8.056 0
1.54341 1.55492 8.056 0
1.55492 1.56728 8.056 0
1.56728 1.5773 8.056 0
1.5773 1.58542 8.056 0
1.58542 1.592 8.056 0
1.592 1.59733 8.056 0
1.59733 1.60267 8.056 0
1.60267 1.608 8.056 0
8.108 8.11333 8.056 0
8.11333 8.11867 8.056 0
8.11867 8.124 8.056 0
8.124 8.13058 8.056 0
8.13058 8.1387 8.056 0
8.1387 8.14872 8.056 0
8.14872 8.16108 8.056 0
8.16108 8.17259 8.056 0
8.17259 8.18411 8.056 0
8.18411 8.19562 8.056 0
8.19562 8.20577 8.056 0
8.20577 8.214 8.056 0
8.214 8.22067 8.056 0
8.22067 8.22733 8.056 0
8.22733 8.234 8.056 0
8.234 8.24223 8.056 0
8.24223 8.25238 8.056 0
8.25238 8.26389 8.056 0
8.26389 8.27541 8.056 0
8.27541 8.28692 8.056 0
8.28692 8.29928 8.056 0
8.29928 8.3093 8.056 0
8.3093 8.31742 8.056 0
8.31742 8.324 8.056 0
8.324 8.32933 8.056 0
8.32933 8.33467 8.056 0
8.33467 8.34 8.056 0
1.376 1.38133 1.056 0
1.38133 1.38667 1.056 0
1.38667 1.392 1.056 0
1.392 1.39858 1.056 0
1.39858 1.4067 1.056 0
1.4067 1.41672 1.056 0
1.41672 1.42908 1.056 0
1.42908 1.44059 1.056 0
1.44059 1.45211 1.056 0
1.45211 1.46362 1.056 0
1.46362 1.47377 1.056 0
1.47377 1.482 1.056 0
1.482 1.48867 1.056 0
1.48867 1.49533 1.056 0
1.49533 1.502 1.056 0
1.502 1.51023 1.056 0
1.51023 1.52038 1.056 0
1.52038 1.53189 1.056 0
1.53189 1.54341 1.056 0
1.54341 1.55492 1.056 0
1.55492 1.56728 1.056 0
1.56728 1.5773 1.056 0
1.5773 1.58542 1.056 0
1.58542 1.592 1.056 0
1.592 1.59733 1.056 0
1.59733 1.60267 1.056 0
1.60267 1.608 1.056 0
8.108 8.11333 1.056 0
8.11333 8.11867 1.056 0
8.11867 8.124 1.056 0
8.124 8.13058 1.056 0
8.13058 8.1387 1.056 0
8.1387 8.14872 1.056 0
8.14872 8.16108 1.056 0
8.16108 8.17259 1.056 0
8.17259 8.18411 1.056 0
8.18411 8.19562 1.056 0
8.19562 8.20577 1.056 0
8.20577 8.214 1.056 0
8.214 8.22067 1.056 0
8.22067 8.22733 1.056 0
8.22733 8.234 1.056 0
8.234 8.24223 1.056 0
8.24223 8.25238 1.056 0
8.25238 8.26389 1.056 0
8.26389 8.27541 1.056 0
8.27541 8.28692 1.056 0
8.28692 8.29928 1.056 0
8.29928 8.3093 1.056 0
8.3093 8.31742 1.056 0
8.31742 8.324 1.056 0
8.324 8.32933 1.056 0
8.32933 8.33467 1.056 0
8.33467 8.34 1.056 0
1.376 1.38133 0.806 0
1.38133 1.38667 0.806 0
1.38667 1.392 0.806 0
1.392 1.39858 0.806 0
1.39858 1.4067 0.806 0
1.4067 1.41672 0.806 0
1.41672 1.42908 0.806 0
1.42908 1.44059 0.806 0
1.44059 1.45211 0.806 0
1.45211 1.46362 0.806 0
1.46362 1.47377 0.806 0
1.47377 1.482 0.806 0
1.482 1.48867 0.806 0
1.48867 1.49533 0.806 0
1.49533 1.502 0.806 0
1.502 1.51023 0.806 0
1.51023 1.52038 0.806 0
1.52038 1.53189 0.806 0
1.53189 1.54341 0.806 0
1.54341 1.55492 0.806 0
1.55492 1.56728 0.806 0
1.56728 1.5773 0.806 0
1.5773 1.58542 0.806 0
1.58542 1.592 0.806 0
1.592 1.59733 0.806 0
1.59733 1.60267 0.806 0
1.60267 1.608 0.806 0
1.608 1.61458 0.806 0
1.61458 1.6227 0.806 0
1.6227 1.63272 0.806 0
1.63272 1.64508 0.806 0
1.64508 1.66033 0.806 0
1.66033 1.67915 0.806 0
1.67915 1.70237 0.806 0
1.70237 1.73102 0.806 0
1.73102 1.76637 0.806 0
1.76637 1.80999 0.806 0
1.80999 1.8638 0.806 0
1.8638 1.9302 0.806 0
1.9302 2.01213 0.806 0
2.01213 2.11322 0.806 0
2.11322 2.23796 0.806 0
2.23796 2.39186 0.806 0
2.39186 2.58175 0.806 0
2.58175 2.81605 0.806 0
2.81605 3.10514 0.806 0
3.10514 3.46184 0.806 0
3.46184 3.90195 0.806 0
3.90195 4.37998 0.806 0
4.37998 4.858 0.806 0
4.858 5.33602 0.806 0
5.33602 5.81405 0.806 0
5.81405 6.25416 0.806 0
6.25416 6.61086 0.806 0
6.61086 6.89995 0.806 0
6.89995 7.13425 0.806 0
7.13425 7.32414 0.806 0
7.32414 7.47804 0.806 0
7.47804 7.60278 0.806 0
7.60278 7.70387 0.806 0
7.70387 7.7858 0.806 0
7.7858 7.8522 0.806 0
7.8522 7.90601 0.806 0
7.90601 7.94963 0.806 0
7.94963 7.98498 0.806 0
7.98498 8.01363 0.806 0
8.01363 8.03685 0.806 0
8.03685 8.05567 0.806 0
8.05567 8.07092 0.806 0
8.07092 8.08328 0.806 0
8.08328 8.0933 0.806 0
8.0933 8.10142 0.806 0
8.10142 8.108 0.806 0
8.108 8.11333 0.806 0
8.11333 8.11867 0.806 0
8.11867 8.124 0.806 0
8.124 8.13058 0.806 0
8.13058 8.1387 0.806 0
8.1387 8.14872 0.806 0
8.14872 8.16108 0.806 0
8.16108 8.17259 0.806 0
8.17259 8.18411 0.806 0
8.18411 8.19562 0.806 0
8.19562 8.20577 0.806 0
8.20577 8.214 0.806 0
8.214 8.22067 0.806 0
8.22067 8.22733 0.806 0
8.22733 8.234 0.806 0
8.234 8.24223 0.806 0
8.24223 8.25238 0.806 0
8.25238 8.26389 0.806 0
8.26389 8.27541 0.806 0
8.27541 8.28692 0.806 0
8.28692 8.29928 0.806 0
8.29928 8.3093 0.806 0
8.3093 8.31742 0.806 0
8.31742 8.324 0.806 0
8.324 8.32933 0.806 0
8.32933 8.33467 0.806 0
8.33467 8.34 0.806 0
1.376 1.38133 0.796 0
1.38133 1.38667 0.796 0
1.38667 1.392 0.796 0
1.392 1.39858 0.796 0
1.39858 1.4067 0.796 0
1.4067 1.41672 0.796 0
1.41672 1.42908 0.796 0
1.42908 1.44059 0.796 0
1.44059 1.45211 0.796 0
1.45211 1.46362 0.796 0
1.46362 1.47377 0.796 0
1.47377 1.482 0.796 0
1.482 1.48867 0.796 0
1.48867 1.49533 0.796 0
1.49533 1.502 0.796 0
1.502 1.51023 0.796 0
1.51023 1.52038 0.796 0
1.52038 1.53189 0.796 0
1.53189 1.54341 0.796 0
1.54341 1.55492 0.796 0
1.55492 1.56728 0.796 0
1.56728 1.5773 0.796 0
1.5773 1.58542 0.796 0
1.58542 1.592 0.796 0
1.592 1.59733 0.796 0
1.59733 1.60267 0.796 0
1.60267 1.608 0.796 0
1.608 1.61458 0.796 0
1.61458 1.6227 0.796 0
1.6227 1.63272 0.796 0
1.63272 1.64508 0.796 0
1.64508 1.66033 0.796 0
1.66033 1.67915 0.796 0
1.67915 1.70237 0.796 0
1.70237 1.73102 0.796 0
1.73102 1.76637 0.796 0
1.76637 1.80999 0.796 0
1.80999 1.8638 0.796 0
1.8638 1.9302 0.796 0
1.9302 2.01213 0.796 0
2.01213 2.11322 0.796 0
2.11322 2.23796 0.796 0
2.23796 2.39186 0.796 0
2.39186 2.58175 0.796 0
2.58175 2.81605 0.796 0
2.81605 3.10514 0.796 0
3.10514 3.46184 0.796 0
3.46184 3.90195 0.796 0
3.90195 4.37998 0.796 0
4.37998 4.858 0.796 0
4.858 5.33602 0.796 0
5.33602 5.81405 0.796 0
5.81405 6.25416 0.796 0
6.25416 6.61086 0.796 0
6.61086 6.89995 0.796 0
6.89995 7.13425 0.796 0
7.13425 7.32414 0.796 0
7.32414 7.47804 0.796 0
7.47804 7.60278 0.796 0
7.60278 7.70387 0.796 0
7.70387 7.7858 0.796 0
7.7858 7.8522 0.796 0
7.8522 7.90601 0.796 0
7.90601 7.94963 0.796 0
7.94963 7.98498 0.796 0
7.98498 8.01363 0.796 0
8.01363 8.03685 0.796 0
8.03685 8.05567 0.796 0
8.05567 8.07092 0.796 0
8.07092 8.08328 0.796 0
8.08328 8.0933 0.796 0
8.0933 8.10142 0.796 0
8.10142 8.108 0.796 0
8.108 8.11333 0.796 0
8.11333 8.11867 0.796 0
8.11867 8.124 0.796 0
8.124 8.13058 0.796 0
8.13058 8.1387 0.796 0
8.1387 8.14872 0.796 0
8.14872 8.16108 0.796 0
8.16108 8.17259 0.796 0
8.17259 8.18411 0.796 0
8.18411 8.19562 0.796 0
8.19562 8.20577 0.796 0
8.20577 8.214 0.796 0
8.214 8.22067 0.796 0
8.22067 8.22733 0.796 0
8.22733 8.234 0.796 0
8.234 8.24223 0.796 0
8.24223 8.25238 0.796 0
8.25238 8.26389 0.796 0
8.26389 8.27541 0.796 0
8.27541 8.28692 0.796 0
8.28692 8.29928 0.796 0
8.29928 8.3093 0.796 0
8.3093 8.31742 0.796 0
8.31742 8.324 0.796 0
8.324 8.32933 0.796 0
8.32933 8.33467 0.796 0
8.33467 8.34 0.796 0
1.376 1.38133 0.776 0
1.38133 1.38667 0.776 0
1.38667 1.392 0.776 0
1.392 1.39858 0.776 0
1.39858 1.4067 0.776 0
1.4067 1.41672 0.776 0
1.41672 1.42908 0.776 0
1.42908 1.44059 0.776 0
1.44059 1.45211 0.776 0
1.45211 1.46362 0.776 0
1.46362 1.47377 0.776 0
1.47377 1.482 0.776 0
1.482 1.48867 0.776 0
1.48867 1.49533 0.776 0
1.49533 1.502 0.776 0
1.502 1.51023 0.776 0
1.51023 1.52038 0.776 0
1.52038 1.53189 0.776 0
1.53189 1.54341 0.776 0
1.54341 1.55492 0.776 0
1.55492 1.56728 0.776 0
1.56728 1.5773 0.776 0
1.5773 1.58542 0.776 0
1.58542 1.592 0.776 0
1.592 1.59733 0.776 0
1.59733 1.60267 0.776 0
1.60267 1.608 0.776 0
1.608 1.61458 0.776 0
1.61458 1.6227 0.776 0
1.6227 1.63272 0.776 0
1.63272 1.64508 0.776 0
1.64508 1.66033 0.776 0
1.66033 1.67915 0.776 0
1.67915 1.70237 0.776 0
1.70237 1.73102 0.776 0
1.73102 1.76637 0.776 0
1.76637 1.80999 0.776 0
1.80999 1.8638 0.776 0
1.8638 1.9302 0.776 0
1.9302 2.01213 0.776 0
2.01213 2.11322 0.776 0
2.11322 2.23796 0.776 0
2.23796 2.39186 0.776 0
2.39186 2.58175 0.776 0
2.58175 2.81605 0.776 0
2.81605 3.10514 0.776 0
3.10514 3.46184 0.776 0
3.46184 3.90195 0.776 0
3.90195 4.37998 0.776 0
4.37998 4.858 0.776 0
4.858 5.33602 0.776 0
5.33602 5.81405 0.776 0
5.81405 6.25416 0.776 0
6.25416 6.61086 0.776 0
6.61086 6.89995 0.776 0
6.89995 7.13425 0.776 0
7.13425 7.32414 0.776 0
7.32414 7.47804 0.776 0
7.47804 7.60278 0.776 0
7.60278 7.70387 0.776 0
7.70387 7.7858 0.776 0
7.7858 7.8522 0.776 0
7.8522 7.90601 0.776 0
7.90601 7.94963 0.776 0
7.94963 7.98498 0.776 0
7.98498 8.01363 0.776 0
8.01363 8.03685 0.776 0
8.03685 8.05567 0.776 0
8.05567 8.07092 0.776 0
8.07092 8.08328 0.776 0
8.08328 8.0933 0.776 0
8.0933 8.10142 0.776 0
8.10142 8.108 0.776 0
8.108 8.11333 0.776 0
8.11333 8.11867 0.776 0
8.11867 8.124 0.776 0
8.124 8.13058 0.776 0
8.13058 8.1387 0.776 0
8.1387 8.14872 0.776 0
8.14872 8.16108 0.776 0
8.16108 8.17259 0.776 0
8.17259 8.18411 0.776 0
8.18411 8.19562 0.776 0
8.19562 8.20577 0.776 0
8.20577 8.214 0.776 0
8.214 8.22067 0.776 0
8.22067 8.22733 0.776 0
8.22733 8.234 0.776 0
8.234 8.24223 0.776 0
8.24223 8.25238 0.776 0
8.25238 8.26389 0.776 0
8.26389 8.27541 0.776 0
8.27541 8.28692 0.776 0
8.28692 8.29928 0.776 0
8.29928 8.3093 0.776 0
8.3093 8.31742 0.776 0
8.31742 8.324 0.776 0
8.324 8.32933 0.776 0
8.32933 8.33467 0.776 0
8.33467 8.34 0.776 0
1.376 1.38133 0.766 0
1.38133 1.38667 0.766 0
1.38667 1.392 0.766 0
1.392 1.39858 0.766 0
1.39858 1.4067 0.766 0
1.4067 1.41672 0.766 0
1.41672 1.42908 0.766 0
1.42908 1.44059 0.766 0
1.44059 1.45211 0.766 0
1.45211 1.46362 0.766 0
1.46362 1.47377 0.766 0
1.47377 1.482 0.766 0
1.482 1.48867 0.766 0
1.48867 1.49533 0.766 0
1.49533 1.502 0.766 0
1.502 1.51023 0.766 0
1.51023 1.52038 0.766 0
1.52038 1.53189 0.766 0
1.53189 1.54341 0.766 0
1.54341 1.55492 0.766 0
1.55492 1.56728 0.766 0
1.56728 1.5773 0.766 0
1.5773 1.58542 0.766 0
1.58542 1.592 0.766 0
1.592 1.59733 0.766 0
1.59733 1.60267 0.766 0
1.60267 1.608 0.766 0
1.608 1.61458 0.766 0
1.61458 1.6227 0.766 0
1.6227 1.63272 0.766 0
1.63272 1.64508 0.766 0
1.64508 1.66033 0.766 0
1.66033 1.67915 0.766 0
1.67915 1.70237 0.766 0
1.70237 1.73102 0.766 0
1.73102 1.76637 0.766 0
1.76637 1.80999 0.766 0
1.80999 1.8638 0.766 0
1.8638 1.9302 0.766 0
1.9302 2.01213 0.766 0
2.01213 2.11322 0.766 0
2.11322 2.23796 0.766 0
2.23796 2.39186 0.766 0
2.39186 2.58175 0.766 0
2.58175 2.81605 0.766 0
2.81605 3.10514 0.766 0
3.10514 3.46184 0.766 0
3.46184 3.90195 0.766 0
3.90195 4.37998 0.766 0
4.37998 4.858 0.766 0
4.858 5.33602 0.766 0
5.33602 5.81405 0.766 0
5.81405 6.25416 0.766 0
6.25416 6.61086 0.766 0
6.61086 6.89995 0.766 0
6.89995 7.13425 0.766 0
7.13425 7.32414 0.766 0
7.32414 7.47804 0.766 0
7.47804 7.60278 0.766 0
7.60278 7.70387 0.766 0
7.70387 7.7858 0.766 0
7.7858 7.8522 0.766 0
7.8522 7.90601 0.766 0
7.90601 7.94963 0.766 0
7.94963 7.98498 0.766 0
7.98498 8.01363 0.766 0
8.01363 8.03685 0.766 0
8.03685 8.05567 0.766 0
8.05567 8.07092 0.766 0
8.07092 8.08328 0.766 0
8.08328 8.0933 0.766 0
8.0933 8.10142 0.766 0
8.10142 8.108 0.766 0
8.108 8.11333 0.766 0
8.11333 8.11867 0.766 0
8.11867 8.124 0.766 0
8.124 8.13058 0.766 0
8.13058 8.1387 0.766 0
8.1387 8.14872 0.766 0
8.14872 8.16108 0.766 0
8.16108 8.17259 0.766 0
8.17259 8.18411 0.766 0
8.18411 8.19562 0.766 0
8.19562 8.20577 0.766 0
8.20577 8.214 0.766 0
8.214 8.22067 0.766 0
8.22067 8.22733 0.766 0
8.22733 8.234 0.766 0
8.234 8.24223 0.766 0
8.24223 8.25238 0.766 0
8.25238 8.26389 0.766 0
8.26389 8.27541 0.766 0
8.27541 8.28692 0.766 0
8.28692 8.29928 0.766 0
8.29928 8.3093 0.766 0
8.3093 8.31742 0.766 0
8.31742 8.324 0.766 0
8.324 8.32933 0.766 0
8.32933 8.33467 0.766 0
8.33467 8.34 0.766 0
1.376 1.38133 0.666 0
1.38133 1.38667 0.666 0
1.38667 1.392 0.666 0
1.392 1.39858 0.666 0
1.39858 1.4067 0.666 0
1.4067 1.41672 0.666 0
1.41672 1.42908 0.666 0
1.42908 1.44059 0.666 0
1.44059 1.45211 0.666 0
1.45211 1.46362 0.666 0
1.46362 1.47377 0.666 0
1.47377 1.482 0.666 0
1.482 1.48867 0.666 0
1.48867 1.49533 0.666 0
1.49533 1.502 0.666 0
1.502 1.51023 0.666 0
1.51023 1.52038 0.666 0
1.52038 1.53189 0.666 0
1.53189 1.54341 0.666 0
1.54341 1.55492 0.666 0
1.55492 1.56728 0.666 0
1.56728 1.5773 0.666 0
1.5773 1.58542 0.666 0
1.58542 1.592 0.666 0
1.592 1.59733 0.666 0
1.59733 1.60267 0.666 0
1.60267 1.608 0.666 0
1.608 1.61458 0.666 0
1.61458 1.6227 0.666 0
1.6227 1.63272 0.666 0
1.63272 1.64508 0.666 0
1.64508 1.66033 0.666 0
1.66033 1.67915 0.666 0
1.67915 1.70237 0.666 0
1.70237 1.73102 0.666 0
1.73102 1.76637 0.666 0
1.76637 1.80999 0.666 0
1.80999 1.8638 0.666 0
1.8638 1.9302 0.666 0
1.9302 2.01213 0.666 0
2.01213 2.11322 0.666 0
2.11322 2.23796 0.666 0
2.23796 2.39186 0.666 0
2.39186 2.58175 0.666 0
2.58175 2.81605 0.666 0
2.81605 3.10514 0.666 0
3.10514 3.46184 0.666 0
3.46184 3.90195 0.666 0
3.90195 4.37998 0.666 0
4.37998 4.858 0.666 0
4.858 5.33602 0.666 0
5.33602 5.81405 0.666 0
5.81405 6.25416 0.666 0
6.25416 6.61086 0.666 0
6.61086 6.89995 0.666 0
6.89995 7.13425 0.666 0
7.13425 7.32414 0.666 0
7.32414 7.47804 0.666 0
7.47804 7.60278 0.666 0
7.60278 7.70387 0.666 0
7.70387 7.7858 0.666 0
7.7858 7.8522 0.666 0
7.8522 7.90601 0.666 0
7.90601 7.94963 0.666 0
7.94963 7.98498 0.666 0
7.98498 8.01363 0.666 0
8.01363 8.03685 0.666 0
8.03685 8.05567 0.666 0
8.05567 8.07092 0.666 0
8.07092 8.08328 0.666 0
8.08328 8.0933 0.666 0
8.0933 8.10142 0.666 0
8.10142 8.108 0.666 0
8.108 8.11333 0.666 0
8.11333 8.11867 0.666 0
8.11867 8.124 0.666 0
8.124 8.13058 0.666 0
8.13058 8.1387 0.666 0
8.1387 8.14872 0.666 0
8.14872 8.16108 0.666 0
8.16108 8.17259 0.666 0
8.17259 8.18411 0.666 0
8.18411 8.19562 0.666 0
8.19562 8.20577 0.666 0
8.20577 8.214 0.666 0
8.214 8.22067 0.666 0
8.22067 8.22733 0.666 0
8.22733 8.234 0.666 0
8.234 8.24223 0.666 0
8.24223 8.25238 0.666 0
8.25238 8.26389 0.666 0
8.26389 8.27541 0.666 0
8.27541 8.28692 0.666 0
8.28692 8.29928 0.666 0
8.29928 8.3093 0.666 0
8.3093 8.31742 0.666 0
8.31742 8.324 0.666 0
8.324 8.32933 0.666 0
8.32933 8.33467 0.666 0
8.33467 8.34 0.666 0
1.376 1.38133 0.656 0
1.38133 1.38667 0.656 0
1.38667 1.392 0.656 0
1.392 1.39858 0.656 0
1.39858 1.4067 0.656 0
1.4067 1.41672 0.656 0
1.41672 1.42908 0.656 0
1.42908 1.44059 0.656 0
1.44059 1.45211 0.656 0
1.45211 1.46362 0.656 0
1.46362 1.47377 0.656 0
1.47377 1.482 0.656 0
1.482 1.48867 0.656 0
1.48867 1.49533 0.656 0
1.49533 1.502 0.656 0
1.502 1.51023 0.656 0
1.51023 1.52038 0.656 0
1.52038 1.53189 0.656 0
1.53189 1.54341 0.656 0
1.54341 1.55492 0.656 0
1.55492 1.56728 0.656 0
1.56728 1.5773 0.656 0
1.5773 1.58542 0.656 0
1.58542 1.592 0.656 0
1.592 1.59733 0.656 0
1.59733 1.60267 0.656 0
1.60267 1.608 0.656 0
1.608 1.61458 0.656 0
1.61458 1.6227 0.656 0
1.6227 1.63272 0.656 0
1.63272 1.64508 0.656 0
1.64508 1.66033 0.656 0
1.66033 1.67915 0.656 0
1.67915 1.70237 0.656 0
1.70237 1.73102 0.656 0
1.73102 1.76637 0.656 0
1.76637 1.80999 0.656 0
1.80999 1.8638 0.656 0
1.8638 1.9302 0.656 0
1.9302 2.01213 0.656 0
2.01213 2.11322 0.656 0
2.11322 2.23796 0.656 0
2.23796 2.39186 0.656 0
2.39186 2.58175 0.656 0
2.58175 2.81605 0.656 0
2.81605 3.10514 0.656 0
3.10514 3.46184 0.656 0
3.46184 3.90195 0.656 0
3.90195 4.37998 0.656 0
4.37998 4.858 0.656 0
4.858 5.33602 0.656 0
5.33602 5.81405 0.656 0
5.81405 6.25416 0.656 0
6.25416 6.61086 0.656 0
6.61086 6.89995 0.656 0
6.89995 7.13425 0.656 0
7.13425 7.32414 0.656 0
7.32414 7.47804 0.656 0
7.47804 7.60278 0.656 0
7.60278 7.70387 0.656 0
7.70387 7.7858 0.656 0
7.7858 7.8522 0.656 0
7.8522 7.90601 0.656 0
7.90601 7.94963 0.656 0
7.94963 7.98498 0.656 0
7.98498 8.01363 0.656 0
8.01363 8.03685 0.656 0
8.03685 8.05567 0.656 0
8.05567 8.07092 0.656 0
8.07092 8.08328 0.656 0
8.08328 8.0933 0.656 0
8.0933 8.10142 0.656 0
8.10142 8.108 0.656 0
8.108 8.11333 0.656 0
8.11333 8.11867 0.656 0
8.11867 8.124 0.656 0
8.124 8.13058 0.656 0
8.13058 8.1387 0.656 0
8.1387 8.14872 0.656 0
8.14872 8.16108 0.656 0
8.16108 8.17259 0.656 0
8.17259 8.18411 0.656 0
8.18411 8.19562 0.656 0
8.19562 8.20577 0.656 0
8.20577 8.214 0.656 0
8.214 8.22067 0.656 0
8.22067 8.22733 0.656 0
8.22733 8.234 0.656 0
8.234 8.24223 0.656 0
8.24223 8.25238 0.656 0
8.25238 8.26389 0.656 0
8.26389 8.27541 0.656 0
8.27541 8.28692 0.656 0
8.28692 8.29928 0.656 0
8.29928 8.3093 0.656 0
8.3093 8.31742 0.656 0
8.31742 8.324 0.656 0
8.324 8.32933 0.656 0
8.32933 8.33467 0.656 0
8.33467 8.34 0.656 0
1.376 1.38133 0.636 0
1.38133 1.38667 0.636 0
1.38667 1.392 0.636 0
1.392 1.39858 0.636 0
1.39858 1.4067 0.636 0
1.4067 1.41672 0.636 0
1.41672 1.42908 0.636 0
1.42908 1.44059 0.636 0
1.44059 1.45211 0.636 0
1.45211 1.46362 0.636 0
1.46362 1.47377 0.636 0
1.47377 1.482 0.636 0
1.482 1.48867 0.636 0
1.48867 1.49533 0.636 0
1.49533 1.502 0.636 0
1.502 1.51023 0.636 0
1.51023 1.52038 0.636 0
1.52038 1.53189 0.636 0
1.53189 1.54341 0.636 0
1.54341 1.55492 0.636 0
1.55492 1.56728 0.636 0
1.56728 1.5773 0.636 0
1.5773 1.58542 0.636 0
1.58542 1.592 0.636 0
1.592 1.59733 0.636 0
1.59733 1.60267 0.636 0
1.60267 1.608 0.636 0
1.608 1.61458 0.636 0
1.61458 1.6227 0.636 0
1.6227 1.63272 0.636 0
1.63272 1.64508 0.636 0
1.64508 1.66033 0.636 0
1.66033 1.67915 0.636 0
1.67915 1.70237 0.636 0
1.70237 1.73102 0.636 0
1.73102 1.76637 0.636 0
1.76637 1.80999 0.636 0
1.80999 1.8638 0.636 0
1.8638 1.9302 0.636 0
1.9302 2.01213 0.636 0
2.01213 2.11322 0.636 0
2.11322 2.23796 0.636 0
2.23796 2.39186 0.636 0
2.39186 2.58175 0.636 0
2.58175 2.81605 0.636 0
2.81605 3.10514 0.636 0
3.10514 3.46184 0.636 0
3.46184 3.90195 0.636 0
3.90195 4.37998 0.636 0
4.37998 4.858 0.636 0
4.858 5.33602 0.636 0
5.33602 5.81405 0.636 0
5.81405 6.25416 0.636 0
6.25416 6.61086 0.636 0
6.61086 6.89995 0.636 0
6.89995 7.13425 0.636 0
7.13425 7.32414 0.636 0
7.32414 7.47804 0.636 0
7.47804 7.60278 0.636 0
7.60278 7.70387 0.636 0
7.70387 7.7858 0.636 0
7.7858 7.8522 0.636 0
7.8522 7.90601 0.636 0
7.90601 7.94963 0.636 0
7.94963 7.98498 0.636 0
7.98498 8.01363 0.636 0
8.01363 8.03685 0.636 0
8.03685 8.05567 0.636 0
8.05567 8.07092 0.636 0
8.07092 8.08328 0.636 0
8.08328 8.0933 0.636 0
8.0933 8.10142 0.636 0
8.10142 8.108 0.636 0
8.108 8.11333 0.636 0
8.11333 8.11867 0.636 0
8.11867 8.124 0.636 0
8.124 8.13058 0.636 0
8.13058 8.1387 0.636 0
8.1387 8.14872 0.636 0
8.14872 8.16108 0.636 0
8.16108 8.17259 0.636 0
8.17259 8.18411 0.636 0
8.18411 8.19562 0.636 0
8.19562 8.20577 0.636 0
8.20577 8.214 0.636 0
8.214 8.22067 0.636 0
8.22067 8.22733 0.636 0
8.22733 8.234 0.636 0
8.234 8.24223 0.636 0
8.24223 8.25238 0.636 0
8.25238 8.26389 0.636 0
8.26389 8.27541 0.636 0
8.27541 8.28692 0.636 0
8.28692 8.29928 0.636 0
8.29928 8.3093 0.636 0
8.3093 8.31742 0.636 0
8.31742 8.324 0.636 0
8.324 8.32933 0.636 0
8.32933 8.33467 0.636 0
8.33467 8.34 0.636 0
1.376 1.38133 0.626 0
1.38133 1.38667 0.626 0
1.38667 1.392 0.626 0
1.392 1.39858 0.626 0
1.39858 1.4067 0.626 0
1.4067 1.41672 0.626 0
1.41672 1.42908 0.626 0
1.42908 1.44059 0.626 0
1.44059 1.45211 0.626 0
1.45211 1.46362 0.626 0
1.46362 1.47377 0.626 0
1.47377 1.482 0.626 0
1.482 1.48867 0.626 0
1.48867 1.49533 0.626 0
1.49533 1.502 0.626 0
1.502 1.51023 0.626 0
1.51023 1.52038 0.626 0
1.52038 1.53189 0.626 0
1.53189 1.54341 0.626 0
1.54341 1.55492 0.626 0
1.55492 1.56728 0.626 0
1.56728 1.5773 0.626 0
1.5773 1.58542 0.626 0
1.58542 1.592 0.626 0
1.592 1.59733 0.626 0
1.59733 1.60267 0.626 0
1.60267 1.608 0.626 0
1.608 1.61458 0.626 0
1.61458 1.6227 0.626 0
1.6227 1.63272 0.626 0
1.63272 1.64508 0.626 0
1.64508 1.66033 0.626 0
1.66033 1.67915 0.626 0
1.67915 1.70237 0.626 0
1.70237 1.73102 0.626 0
1.73102 1.76637 0.626 0
1.76637 1.80999 0.626 0
1.80999 1.8638 0.626 0
1.8638 1.9302 0.626 0
1.9302 2.01213 0.626 0
2.01213 2.11322 0.626 0
2.11322 2.23796 0.626 0
2.23796 2.39186 0.626 0
2.39186 2.58175 0.626 0
2.58175 2.81605 0.626 0
2.81605 3.10514 0.626 0
3.10514 3.46184 0.626 0
3.46184 3.90195 0.626 0
3.90195 4.37998 0.626 0
4.37998 4.858 0.626 0
4.858 5.33602 0.626 0
5.33602 5.81405 0.626 0
5.81405 6.25416 0.626 0
6.25416 6.61086 0.626 0
6.61086 6.89995 0.626 0
6.89995 7.13425 0.626 0
7.13425 7.32414 0.626 0
7.32414 7.47804 0.626 0
7.47804 7.60278 0.626 0
7.60278 7.70387 0.626 0
7.70387 7.7858 0.626 0
7.7858 7.8522 0.626 0
7.8522 7.90601 0.626 0
7.90601 7.94963 0.626 0
7.94963 7.98498 0.626 0
7.98498 8.01363 0.626 0
8.01363 8.03685 0.626 0
8.03685 8.05567 0.626 0
8.05567 8.07092 0.626 0
8.07092 8.08328 0.626 0
8.08328 8.0933 0.626 0
8.0933 8.10142 0.626 0
8.10142 8.108 0.626 0
8.108 8.11333 0.626 0
8.11333 8.11867 0.626 0
8.11867 8.124 0.626 0
8.124 8.13058 0.626 0
8.13058 8.1387 0.626 0
8.1387 8.14872 0.626 0
8.14872 8.16108 0.626 0
8.16108 8.17259 0.626 0
8.17259 8.18411 0.626 0
8.18411 8.19562 0.626 0
8.19562 8.20577 0.626 0
8.20577 8.214 0.626 0
8.214 8.22067 0.626 0
8.22067 8.22733 0.626 0
8.22733 8.234 0.626 0
8.234 8.24223 0.626 0
8.24223 8.25238 0.626 0
8.25238 8.26389 0.626 0
8.26389 8.27541 0.626 0
8.27541 8.28692 0.626 0
8.28692 8.29928 0.626 0
8.29928 8.3093 0.626 0
8.3093 8.31742 0.626 0
8.31742 8.324 0.626 0
8.324 8.32933 0.626 0
8.32933 8.33467 0.626 0
8.33467 8.34 0.626 0
0.126 0.132581 0.126 0
0.132581 0.1407 0.126 0
0.1407 0.150718 0.126 0
0.150718 0.16308 0.126 0
0.16308 0.178331 0.126 0
0.178331 0.19715 0.126 0
0.19715 0.22037 0.126 0
0.22037 0.249019 0.126 0
0.249019 0.284369 0.126 0
0.284369 0.327985 0.126 0
0.327985 0.381802 0.126 0
0.381802 0.448204 0.126 0
0.448204 0.530134 0.126 0
0.530134 0.640567 0.126 0
0.640567 0.751 0.126 0
0.751 0.861433 0.126 0
0.861433 0.971866 0.126 0
0.971866 1.0538 0.126 0
1.0538 1.1202 0.126 0
1.1202 1.17401 0.126 0
1.17401 1.21763 0.126 0
1.21763 1.25298 0.126 0
1.25298 1.28163 0.126 0
1.28163 1.30485 0.126 0
1.30485 1.32367 0.126 0
1.32367 1.33892 0.126 0
1.33892 1.35128 0.126 0
1.35128 1.3613 0.126 0
1.3613 1.36942 0.126 0
1.36942 1.376 0.126 0
1.376 1.38133 0.126 0
1.38133 1.38667 0.126 0
1.38667 1.392 0.126 0
1.392 1.39858 0.126 0
1.39858 1.4067 0.126 0
1.4067 1.41672 0.126 0
1.41672 1.42908 0.126 0
1.42908 1.44059 0.126 0
1.44059 1.45211 0.126 0
1.45211 1.46362 0.126 0
1.46362 1.47377 0.126 0
1.47377 1.482 0.126 0
1.482 1.48867 0.126 0
1.48867 1.49533 0.126 0
1.49533 1.502 0.126 0
1.502 1.51023 0.126 0
1.51023 1.52038 0.126 0
1.52038 1.53189 0.126 0
1.53189 1.54341 0.126 0
1.54341 1.55492 0.126 0
1.55492 1.56728 0.126 0
1.56728 1.5773 0.126 0
1.5773 1.58542 0.126 0
1.58542 1.592 0.126 0
1.592 1.59733 0.126 0
1.59733 1.60267 0.126 0
1.60267 1.608 0.126 0
1.608 1.61458 0.126 0
1.61458 1.6227 0.126 0
1.6227 1.63272 0.126 0
1.63272 1.64508 0.126 0
1.64508 1.66033 0.126 0
1.66033 1.67915 0.126 0
1.67915 1.70237 0.126 0
1.70237 1.73102 0.126 0
1.73102 1.76637 0.126 0
1.76637 1.80999 0.126 0
1.80999 1.8638 0.126 0
1.8638 1.9302 0.126 0
1.9302 2.01213 0.126 0
2.01213 2.11322 0.126 0
2.11322 2.23796 0.126 0
2.23796 2.39186 0.126 0
2.39186 2.58175 0.126 0
2.58175 2.81605 0.126 0
2.81605 3.10514 0.126 0
3.10514 3.46184 0.126 0
3.46184 3.90195 0.126 0
3.90195 4.37998 0.126 0
4.37998 4.858 0.126 0
4.858 5.33602 0.126 0
5.33602 5.81405 0.126 0
5.81405 6.25416 0.126 0
6.25416 6.61086 0.126 0
6.61086 6.89995 0.126 0
6.89995 7.13425 0.126 0
7.13425 7.32414 0.126 0
7.32414 7.47804 0.126 0
7.47804 7.60278 0.126 0
7.60278 7.70387 0.126 0
7.70387 7.7858 0.126 0
7.7858 7.8522 0.126 0
7.8522 7.90601 0.126 0
7.90601 7.94963 0.126 0
7.94963 7.98498 0.126 0
7.98498 8.01363 0.126 0
8.01363 8.03685 0.126 0
8.03685 8.05567 0.126 0
8.05567 8.07092 0.126 0
8.07092 8.08328 0.126 0
8.08328 8.0933 0.126 0
8.0933 8.10142 0.126 0
8.10142 8.108 0.126 0
8.108 8.11333 0.126 0
8.11333 8.11867 0.126 0
8.11867 8.124 0.126 0
8.124 8.13058 0.126 0
8.13058 8.1387 0.126 0
8.1387 8.14872 0.126 0
8.14872 8.16108 0.126 0
8.16108 8.17259 0.126 0
8.17259 8.18411 0.126 0
8.18411 8.19562 0.126 0
8.19562 8.20577 0.126 0
8.20577 8.214 0.126 0
8.214 8.22067 0.126 0
8.22067 8.22733 0.126 0
8.22733 8.234 0.126 0
8.234 8.24223 0.126 0
8.24223 8.25238 0.126 0
8.25238 8.26389 0.126 0
8.26389 8.27541 0.126 0
8.27541 8.28692 0.126 0
8.28692 8.29928 0.126 0
8.29928 8.3093 0.126 0
8.3093 8.31742 0.126 0
8.31742 8.324 0.126 0
8.324 8.32933 0.126 0
8.32933 8.33467 0.126 0
8.33467 8.34 0.126 0
8.34 8.34658 0.126 0
8.34658 8.3547 0.126 0
8.3547 8.36472 0.126 0
8.36472 8.37708 0.126 0
8.37708 8.39233 0.126 0
8.39233 8.41115 0.126 0
8.41115 8.43437 0.126 0
8.43437 8.46302 0.126 0
8.46302 8.49837 0.126 0
8.49837 8.54199 0.126 0
8.54199 8.5958 0.126 0
8.5958 8.6622 0.126 0
8.6622 8.74413 0.126 0
8.74413 8.85457 0.126 0
8.85457 8.965 0.126 0
8.965 9.07543 0.126 0
9.07543 9.18587 0.126 0
9.18587 9.2678 0.126 0
9.2678 9.3342 0.126 0
9.3342 9.38801 0.126 0
9.38801 9.43163 0.126 0
9.43163 9.46698 0.126 0
9.46698 9.49563 0.126 0
9.49563 9.51885 0.126 0
9.51885 9.53767 0.126 0
9.53767 9.55292 0.126 0
9.55292 9.56528 0.126 0
9.56528 9.5753 0.126 0
9.5753 9.58342 0.126 0
9.58342 9.59 0.126 0
0.11 0.115333 0.11 0
0.115333 0.120667 0.11 0
0.120667 0.126 0.11 0
0.126 0.132581 0.11 0
0.132581 0.1407 0.11 0
0.1407 0.150718 0.11 0
0.150718 0.16308 0.11 0
0.16308 0.178331 0.11 0
0.178331 0.19715 0.11 0
0.19715 0.22037 0.11 0
0.22037 0.249019 0.11 0
0.249019 0.284369 0.11 0
0.284369 0.327985 0.11 0
0.327985 0.381802 0.11 0
0.381802 0.448204 0.11 0
0.448204 0.530134 0.11 0
0.530134 0.640567 0.11 0
0.640567 0.751 0.11 0
0.751 0.861433 0.11 0
0.861433 0.971866 0.11 0
0.971866 1.0538 0.11 0
1.0538 1.1202 0.11 0
1.1202 1.17401 0.11 0
1.17401 1.21763 0.11 0
1.21763 1.25298 0.11 0
1.25298 1.28163 0.11 0
1.28163 1.30485 0.11 0
1.30485 1.32367 0.11 0
1.32367 1.33892 0.11 0
1.33892 1.35128 0.11 0
1.35128 1.3613 0.11 0
1.3613 1.36942 0.11 0
1.36942 1.376 0.11 0
1.376 1.38133 0.11 0
1.38133 1.38667 0.11 0
1.38667 1.392 0.11 0
1.392 1.39858 0.11 0
1.39858 1.4067 0.11 0
1.4067 1.41672 0.11 0
1.41672 1.42908 0.11 0
1.42908 1.44059 0.11 0
1.44059 1.45211 0.11 0
1.45211 1.46362 0.11 0
1.46362 1.47377 0.11 0
1.47377 1.482 0.11 0
1.482 1.48867 0.11 0
1.48867 1.49533 0.11 0
1.49533 1.502 0.11 0
1.502 1.51023 0.11 0
1.51023 1.52038 0.11 0
1.52038 1.53189 0.11 0
1.53189 1.54341 0.11 0
1.54341 1.55492 0.11 0
1.55492 1.56728 0.11 0
1.56728 1.5773 0.11 0
1.5773 1.58542 0.11 0
1.58542 1.592 0.11 0
1.592 1.59733 0.11 0
1.59733 1.60267 0.11 0
1.60267 1.608 0.11 0
1.608 1.61458 0.11 0
1.61458 1.6227 0.11 0
1.6227 1.63272 0.11 0
1.63272 1.64508 0.11 0
1.64508 1.66033 0.11 0
1.66033 1.67915 0.11 0
1.67915 1.70237 0.11 0
1.70237 1.73102 0.11 0
1.73102 1.76637 0.11 0
1.76637 1.80999 0.11 0
1.80999 1.8638 0.11 0
1.8638 1.9302 0.11 0
1.9302 2.01213 0.11 0
2.01213 2.11322 0.11 0
2.11322 2.23796 0.11 0
2.23796 2.39186 0.11 0
2.39186 2.58175 0.11 0
2.58175 2.81605 0.11 0
2.81605 3.10514 0.11 0
3.10514 3.46184 0.11 0
3.46184 3.90195 0.11 0
3.90195 4.37998 0.11 0
4.37998 4.858 0.11 0
4.858 5.33602 0.11 0
5.33602 5.81405 0.11 0
5.81405 6.25416 0.11 0
6.25416 6.61086 0.11 0
6.61086 6.89995 0.11 0
6.89995 7.13425 0.11 0
7.13425 7.32414 0.11 0
7.32414 7.47804 0.11 0
7.47804 7.60278 0.11 0
7.60278 7.70387 0.11 0
7.70387 7.7858 0.11 0
7.7858 7.8522 0.11 0
7.8522 7.90601 0.11 0
7.90601 7.94963 0.11 0
7.94963 7.98498 0.11 0
7.98498 8.01363 0.11 0
8.01363 8.03685 0.11 0
8.03685 8.05567 0.11 0
8.05567 8.07092 0.11 0
8.07092 8.08328 0.11 0
8.08328 8.0933 0.11 0
8.0933 8.10142 0.11 0
8.10142 8.108 0.11 0
8.108 8.11333 0.11 0
8.11333 8.11867 0.11 0
8.11867 8.124 0.11 0
8.124 8.13058 0.11 0
8.13058 8.1387 0.11 0
8.1387 8.14872 0.11 0
8.14872 8.16108 0.11 0
8.16108 8.17259 0.11 0
8.17259 8.18411 0.11 0
8.18411 8.19562 0.11 0
8.19562 8.20577 0.11 0
8.20577 8.214 0.11 0
8.214 8.22067 0.11 0
8.22067 8.22733 0.11 0
8.22733 8.234 0.11 0
8.234 8.24223 0.11 0
8.24223 8.25238 0.11 0
8.25238 8.26389 0.11 0
8.26389 8.27541 0.11 0
8.27541 8.28692 0.11 0
8.28692 8.29928 0.11 0
8.29928 8.3093 0.11 0
8.3093 8.31742 0.11 0
8.31742 8.324 0.11 0
8.324 8.32933 0.11 0
8.32933 8.33467 0.11 0
8.33467 8.34 0.11 0
8.34 8.34658 0.11 0
8.34658 8.3547 0.11 0
8.3547 8.36472 0.11 0
8.36472 8.37708 0.11 0
8.37708 8.39233 0.11 0
8.39233 8.41115 0.11 0
8.41115 8.43437 0.11 0
8.43437 8.46302 0.11 0
8.46302 8.49837 0.11 0
8.49837 8.54199 0.11 0
8.54199 8.5958 0.11 0
8.5958 8.6622 0.11 0
8.6622 8.74413 0.11 0
8.74413 8.85457 0.11 0
8.85457 8.965 0.11 0
8.965 9.07543 0.11 0
9.07543 9.18587 0.11 0
9.18587 9.2678 0.11 0
9.2678 9.3342 0.11 0
9.3342 9.38801 0.11 0
9.38801 9.43163 0.11 0
9.43163 9.46698 0.11 0
9.46698 9.49563 0.11 0
9.49563 9.51885 0.11 0
9.51885 9.53767 0.11 0
9.53767 9.55292 0.11 0
9.55292 9.56528 0.11 0
9.56528 9.5753 0.11 0
9.5753 9.58342 0.11 0
9.58342 9.59 0.11 0
9.59 9.59533 0.11 0
9.59533 9.60067 0.11 0
9.60067 9.606 0.11 0
0.02 0.0282257 0.02 0
0.0282257 0.0383751 0.02 0
0.0383751 0.0498902 0.02 0
0.0498902 0.0614053 0.02 0
0.0614053 0.0729205 0.02 0
0.0729205 0.0852816 0.02 0
0.0852816 0.0952999 0.02 0
0.0952999 0.103419 0.02 0
0.103419 0.11 0.02 0
0.11 0.115333 0.02 0
0.115333 0.120667 0.02 0
0.120667 0.126 0.02 0
0.126 0.132581 0.02 0
0.132581 0.1407 0.02 0
0.1407 0.150718 0.02 0
0.150718 0.16308 0.02 0
0.16308 0.178331 0.02 0
0.178331 0.19715 0.02 0
0.19715 0.22037 0.02 0
0.22037 0.249019 0.02 0
0.249019 0.284369 0.02 0
0.284369 0.327985 0.02 0
0.327985 0.381802 0.02 0
0.381802 0.448204 0.02 0
0.448204 0.530134 0.02 0
0.530134 0.640567 0.02 0
0.640567 0.751 0.02 0
0.751 0.861433 0.02 0
0.861433 0.971866 0.02 0
0.971866 1.0538 0.02 0
1.0538 1.1202 0.02 0
1.1202 1.17401 0.02 0
1.17401 1.21763 0.02 0
1.21763 1.25298 0.02 0
1.25298 1.28163 0.02 0
1.28163 1.30485 0.02 0
1.30485 1.32367 0.02 0
1.32367 1.33892 0.02 0
1.33892 1.35128 0.02 0
1.35128 1.3613 0.02 0
1.3613 1.36942 0.02 0
1.36942 1.376 0.02 0
1.376 1.38133 0.02 0
1.38133 1.38667 0.02 0
1.38667 1.392 0.02 0
1.392 1.39858 0.02 0
1.39858 1.4067 0.02 0
1.4067 1.41672 0.02 0
1.41672 1.42908 0.02 0
1.42908 1.44059 0.02 0
1.44059 1.45211 0.02 0
1.45211 1.46362 0.02 0
1.46362 1.47377 0.02 0
1.47377 1.482 0.02 0
1.482 1.48867 0.02 0
1.48867 1.49533 0.02 0
1.49533 1.502 0.02 0
1.502 1.51023 0.02 0
1.51023 1.52038 0.02 0
1.52038 1.53189 0.02 0
1.53189 1.54341 0.02 0
1.54341 1.55492 0.02 0
1.55492 1.56728 0.02 0
1.56728 1.5773 0.02 0
1.5773 1.58542 0.02 0
1.58542 1.592 0.02 0
1.592 1.59733 0.02 0
1.59733 1.60267 0.02 0
1.60267 1.608 0.02 0
1.608 1.61458 0.02 0
1.61458 1.6227 0.02 0
1.6227 1.63272 0.02 0
1.63272 1.64508 0.02 0
1.64508 1.66033 0.02 0
1.66033 1.67915 0.02 0
1.67915 1.70237 0.02 0
1.70237 1.73102 0.02 0
1.73102 1.76637 0.02 0
1.76637 1.80999 0.02 0
1.80999 1.8638 0.02 0
1.8638 1.9302 0.02 0
1.9302 2.01213 0.02 0
2.01213 2.11322 0.02 0
2.11322 2.23796 0.02 0
2.23796 2.39186 0.02 0
2.39186 2.58175 0.02 0
2.58175 2.81605 0.02 0
2.81605 3.10514 0.02 0
3.10514 3.46184 0.02 0
3.46184 3.90195 0.02 0
3.90195 4.37998 0.02 0
4.37998 4.858 0.02 0
4.858 5.33602 0.02 0
5.33602 5.81405 0.02 0
5.81405 6.25416 0.02 0
6.25416 6.61086 0.02 0
6.61086 6.89995 0.02 0
6.89995 7.13425 0.02 0
7.13425 7.32414 0.02 0
7.32414 7.47804 0.02 0
7.47804 7.60278 0.02 0
7.60278 7.70387 0.02 0
7.70387 7.7858 0.02 0
7.7858 7.8522 0.02 0
7.8522 7.90601 0.02 0
7.90601 7.94963 0.02 0
7.94963 7.98498 0.02 0
7.98498 8.01363 0.02 0
8.01363 8.03685 0.02 0
8.03685 8.05567 0.02 0
8.05567 8.07092 0.02 0
8.07092 8.08328 0.02 0
8.08328 8.0933 0.02 0
8.0933 8.10142 0.02 0
8.10142 8.108 0.02 0
8.108 8.11333 0.02 0
8.11333 8.11867 0.02 0
8.11867 8.124 0.02 0
8.124 8.13058 0.02 0
8.13058 8.1387 0.02 0
8.1387 8.14872 0.02 0
8.14872 8.16108 0.02 0
8.16108 8.17259 0.02 0
8.17259 8.18411 0.02 0
8.18411 8.19562 0.02 0
8.19562 8.20577 0.02 0
8.20577 8.214 0.02 0
8.214 8.22067 0.02 0
8.22067 8.22733 0.02 0
8.22733 8.234 0.02 0
8.234 8.24223 0.02 0
8.24223 8.25238 0.02 0
8.25238 8.26389 0.02 0
8.26389 8.27541 0.02 0
8.27541 8.28692 0.02 0
8.28692 8.29928 0.02 0
8.29928 8.3093 0.02 0
8.3093 8.31742 0.02 0
8.31742 8.324 0.02 0
8.324 8.32933 0.02 0
8.32933 8.33467 0.02 0
8.33467 8.34 0.02 0
8.34 8.34658 0.02 0
8.34658 8.3547 0.02 0
8.3547 8.36472 0.02 0
8.36472 8.37708 0.02 0
8.37708 8.39233 0.02 0
8.39233 8.41115 0.02 0
8.41115 8.43437 0.02 0
8.43437 8.46302 0.02 0
8.46302 8.49837 0.02 0
8.49837 8.54199 0.02 0
8.54199 8.5958 0.02 0
8.5958 8.6622 0.02 0
8.6622 8.74413 0.02 0
8.74413 8.85457 0.02 0
8.85457 8.965 0.02 0
8.965 9.07543 0.02 0
9.07543 9.18587 0.02 0
9.18587 9.2678 0.02 0
9.2678 9.3342 0.02 0
9.3342 9.38801 0.02 0
9.38801 9.43163 0.02 0
9.43163 9.46698 0.02 0
9.46698 9.49563 0.02 0
9.49563 9.51885 0.02 0
9.51885 9.53767 0.02 0
9.53767 9.55292 0.02 0
9.55292 9.56528 0.02 0
9.56528 9.5753 0.02 0
9.5753 9.58342 0.02 0
9.58342 9.59 0.02 0
9.59 9.59533 0.02 0
9.59533 9.60067 0.02 0
9.60067 9.606 0.02 0
9.606 9.61258 0.02 0
9.61258 9.6207 0.02 0
9.6207 9.63072 0.02 0
9.63072 9.64308 0.02 0
9.64308 9.65459 0.02 0
9.65459 9.66611 0.02 0
9.66611 9.67762 0.02 0
9.67762 9.68777 0.02 0
9.68777 9.696 0.02 0
8.412 8.40377 0.02 1
8.412 8.40377 9.696 1
8.40377 8.39362 0.02 1
8.40377 8.39362 9.696 1
8.39362 8.38211 0.02 1
8.39362 8.38211 9.696 1
8.38211 8.37059 0.02 1
8.38211 8.37059 9.696 1
8.37059 8.35908 0.02 1
8.37059 8.35908 9.696 1
8.35908 8.34672 0.02 1
8.35908 8.34672 9.696 1
8.34672 8.3367 0.02 1
8.34672 8.3367 9.696 1
8.3367 8.32858 0.02 1
8.3367 8.32858 9.696 1
8.32858 8.322 0.02 1
8.32858 8.322 9.696 1
8.322 8.31667 0.02 1
8.322 8.31667 0.11 1
8.322 8.31667 9.606 1
8.322 8.31667 9.696 1
8.31667 8.31133 0.02 1
8.31667 8.31133 0.11 1
8.31667 8.31133 9.606 1
8.31667 8.31133 9.696 1
8.31133 8.306 0.02 1
8.31133 8.306 0.11 1
8.31133 8.306 9.606 1
8.31133 8.306 9.696 1
8.306 8.29942 0.02 1
8.306 8.29942 0.11 1
8.306 8.29942 0.126 1
8.306 8.29942 9.59 1
8.306 8.29942 9.606 1
8.306 8.29942 9.696 1
8.29942 8.2913 0.02 1
8.29942 8.2913 0.11 1
8.29942 8.2913 0.126 1
8.29942 8.2913 9.59 1
8.29942 8.2913 9.606 1
8.29942 8.2913 9.696 1
8.2913 8.28128 0.02 1
8.2913 8.28128 0.11 1
8.2913 8.28128 0.126 1
8.2913 8.28128 9.59 1
8.2913 8.28128 9.606 1
8.2913 8.28128 9.696 1
8.28128 8.26892 0.02 1
8.28128 8.26892 0.11 1
8.28128 8.26892 0.126 1
8.28128 8.26892 9.59 1
8.28128 8.26892 9.606 1
8.28128 8.26892 9.696 1
8.26892 8.25367 0.02 1
8.26892 8.25367 0.11 1
8.26892 8.25367 0.126 1
8.26892 8.25367 9.59 1
8.26892 8.25367 9.606 1
8.26892 8.25367 9.696 1
8.25367 8.23485 0.02 1
8.25367 8.23485 0.11 1
8.25367 8.23485 0.126 1
8.25367 8.23485 9.59 1
8.25367 8.23485 9.606 1
8.25367 8.23485 9.696 1
8.23485 8.21163 0.02 1
8.23485 8.21163 0.11 1
8.23485 8.21163 0.126 1
8.23485 8.21163 9.59 1
8.23485 8.21163 9.606 1
8.23485 8.21163 9.696 1
8.21163 8.18298 0.02 1
8.21163 8.18298 0.11 1
8.21163 8.18298 0.126 1
8.21163 8.18298 9.59 1
8.21163 8.18298 9.606 1
8.21163 8.18298 9.696 1
8.18298 8.15124 0.02 1
8.18298 8.15124 0.11 1
8.18298 8.15124 0.126 1
8.18298 8.15124 9.59 1
8.18298 8.15124 9.606 1
8.18298 8.15124 9.696 1
8.15124 8.11949 0.02 1
8.15124 8.11949 0.11 1
8.15124 8.11949 0.126 1
8.15124 8.11949 9.59 1
8.15124 8.11949 9.606 1
8.15124 8.11949 9.696 1
8.11949 8.08775 0.02 1
8.11949 8.08775 0.11 1
8.11949 8.08775 0.126 1
8.11949 8.08775 9.59 1
8.11949 8.08775 9.606 1
8.11949 8.08775 9.696 1
8.08775 8.056 0.02 1
8.08775 8.056 0.11 1
8.08775 8.056 0.126 1
8.08775 8.056 9.59 1
8.08775 8.056 9.606 1
8.08775 8.056 9.696 1
8.056 7.98573 0.02 1
8.056 7.98573 0.11 1
8.056 7.98573 0.126 1
8.056 7.98573 1.376 1
8.056 7.98573 1.392 1
8.056 7.98573 1.482 1
8.056 7.98573 1.502 1
8.056 7.98573 1.592 1
8.056 7.98573 1.608 1
8.056 7.98573 8.108 1
8.056 7.98573 8.124 1
8.056 7.98573 8.214 1
8.056 7.98573 8.234 1
8.056 7.98573 8.324 1
8.056 7.98573 8.34 1
8.056 7.98573 9.59 1
8.056 7.98573 9.606 1
8.056 7.98573 9.696 1
7.98573 7.89903 0.02 1
7.98573 7.89903 0.11 1
7.98573 7.89903 0.126 1
7.98573 7.89903 1.376 1
7.98573 7.89903 1.392 1
7.98573 7.89903 1.482 1
7.98573 7.89903 1.502 1
7.98573 7.89903 1.592 1
7.98573 7.89903 1.608 1
7.98573 7.89903 8.108 1
7.98573 7.89903 8.124 1
7.98573 7.89903 8.214 1
7.98573 7.89903 8.234 1
7.98573 7.89903 8.324 1
7.98573 7.89903 8.34 1
7.98573 7.89903 9.59 1
7.98573 7.89903 9.606 1
7.98573 7.89903 9.696 1
7.89903 7.79206 0.02 1
7.89903 7.79206 0.11 1
7.89903 7.79206 0.126 1
7.89903 7.79206 1.376 1
7.89903 7.79206 1.392 1
7.89903 7.79206 1.482 1
7.89903 7.79206 1.502 1
7.89903 7.79206 1.592 1
7.89903 7.79206 1.608 1
7.89903 7.79206 8.108 1
7.89903 7.79206 8.124 1
7.89903 7.79206 8.214 1
7.89903 7.79206 8.234 1
7.89903 7.79206 8.324 1
7.89903 7.79206 8.34 1
7.89903 7.79206 9.59 1
7.89903 7.79206 9.606 1
7.89903 7.79206 9.696 1
7.79206 7.66007 0.02 1
7.79206 7.66007 0.11 1
7.79206 7.66007 0.126 1
7.79206 7.66007 1.376 1
7.79206 7.66007 1.392 1
7.79206 7.66007 1.482 1
7.79206 7.66007 1.502 1
7.79206 7.66007 1.592 1
7.79206 7.66007 1.608 1
7.79206 7.66007 8.108 1
7.79206 7.66007 8.124 1
7.79206 7.66007 8.214 1
7.79206 7.66007 8.234 1
7.79206 7.66007 8.324 1
7.79206 7.66007 8.34 1
7.79206 7.66007 9.59 1
7.79206 7.66007 9.606 1
7.79206 7.66007 9.696 1
7.66007 7.49721 0.02 1
7.66007 7.49721 0.11 1
7.66007 7.49721 0.126 1
7.66007 7.49721 1.376 1
7.66007 7.49721 1.392 1
7.66007 7.49721 1.482 1
7.66007 7.49721 1.502 1
7.66007 7.49721 1.592 1
7.66007 7.49721 1.608 1
7.66007 7.49721 8.108 1
7.66007 7.49721 8.124 1
7.66007 7.49721 8.214 1
7.66007 7.49721 8.234 1
7.66007 7.49721 8.324 1
7.66007 7.49721 8.34 1
7.66007 7.49721 9.59 1
7.66007 7.49721 9.606 1
7.66007 7.49721 9.696 1
7.49721 7.29627 0.02 1
7.49721 7.29627 0.11 1
7.49721 7.29627 0.126 1
7.49721 7.29627 1.376 1
7.49721 7.29627 1.392 1
7.49721 7.29627 1.482 1
7.49721 7.29627 1.502 1
7.49721 7.29627 1.592 1
7.49721 7.29627 1.608 1
7.49721 7.29627 8.108 1
7.49721 7.29627 8.124 1
7.49721 7.29627 8.214 1
7.49721 7.29627 8.234 1
7.49721 7.29627 8.324 1
7.49721 7.29627 8.34 1
7.49721 7.29627 9.59 1
7.49721 7.29627 9.606 1
7.49721 7.29627 9.696 1
7.29627 7.04833 0.02 1
7.29627 7.04833 0.11 1
7.29627 7.04833 0.126 1
7.29627 7.04833 1.376 1
7.29627 7.04833 1.392 1
7.29627 7.04833 1.482 1
7.29627 7.04833 1.502 1
7.29627 7.04833 1.592 1
7.29627 7.04833 1.608 1
7.29627 7.04833 8.108 1
7.29627 7.04833 8.124 1
7.29627 7.04833 8.214 1
7.29627 7.04833 8.234 1
7.29627 7.04833 8.324 1
7.29627 7.04833 8.34 1
7.29627 7.04833 9.59 1
7.29627 7.04833 9.606 1
7.29627 7.04833 9.696 1
7.04833 6.74241 0.02 1
7.04833 6.74241 0.11 1
7.04833 6.74241 0.126 1
7.04833 6.74241 1.376 1
7.04833 6.74241 1.392 1
7.04833 6.74241 1.482 1
7.04833 6.74241 1.502 1
7.04833 6.74241 1.592 1
7.04833 6.74241 1.608 1
7.04833 6.74241 8.108 1
7.04833 6.74241 8.124 1
7.04833 6.74241 8.214 1
7.04833 6.74241 8.234 1
7.04833 6.74241 8.324 1
7.04833 6.74241 8.34 1
7.04833 6.74241 9.59 1
7.04833 6.74241 9.606 1
7.04833 6.74241 9.696 1
6.74241 6.36495 0.02 1
6.74241 6.36495 0.11 1
6.74241 6.36495 0.126 1
6.74241 6.36495 1.376 1
6.74241 6.36495 1.392 1
6.74241 6.36495 1.482 1
6.74241 6.36495 1.502 1
6.74241 6.36495 1.592 1
6.74241 6.36495 1.608 1
6.74241 6.36495 8.108 1
6.74241 6.36495 8.124 1
6.74241 6.36495 8.214 1
6.74241 6.36495 8.234 1
6.74241 6.36495 8.324 1
6.74241 6.36495 8.34 1
6.74241 6.36495 9.59 1
6.74241 6.36495 9.606 1
6.74241 6.36495 9.696 1
6.36495 5.89922 0.02 1
6.36495 5.89922 0.11 1
6.36495 5.89922 0.126 1
6.36495 5.89922 1.376 1
6.36495 5.89922 1.392 1
6.36495 5.89922 1.482 1
6.36495 5.89922 1.502 1
6.36495 5.89922 1.592 1
6.36495 5.89922 1.608 1
6.36495 5.89922 8.108 1
6.36495 5.89922 8.124 1
6.36495 5.89922 8.214 1
6.36495 5.89922 8.234 1
6.36495 5.89922 8.324 1
6.36495 5.89922 8.34 1
6.36495 5.89922 9.59 1
6.36495 5.89922 9.606 1
6.36495 5.89922 9.696 1
5.89922 5.32458 0.02 1
5.89922 5.32458 0.11 1
5.89922 5.32458 0.126 1
5.89922 5.32458 1.376 1
5.89922 5.32458 1.392 1
5.89922 5.32458 1.482 1
5.89922 5.32458 1.502 1
5.89922 5.32458 1.592 1
5.89922 5.32458 1.608 1
5.89922 5.32458 8.108 1
5.89922 5.32458 8.124 1
5.89922 5.32458 8.214 1
5.89922 5.32458 8.234 1
5.89922 5.32458 8.324 1
5.89922 5.32458 8.34 1
5.89922 5.32458 9.59 1
5.89922 5.32458 9.606 1
5.89922 5.32458 9.696 1
5.32458 4.81219 0.02 1
5.32458 4.81219 0.11 1
5.32458 4.81219 0.126 1
5.32458 4.81219 1.376 1
5.32458 4.81219 1.392 1
5.32458 4.81219 1.482 1
5.32458 4.81219 1.502 1
5.32458 4.81219 1.592 1
5.32458 4.81219 1.608 1
5.32458 4.81219 8.108 1
5.32458 4.81219 8.124 1
5.32458 4.81219 8.214 1
5.32458 4.81219 8.234 1
5.32458 4.81219 8.324 1
5.32458 4.81219 8.34 1
5.32458 4.81219 9.59 1
5.32458 4.81219 9.606 1
5.32458 4.81219 9.696 1
4.81219 4.29981 0.02 1
4.81219 4.29981 0.11 1
4.81219 4.29981 0.126 1
4.81219 4.29981 1.376 1
4.81219 4.29981 1.392 1
4.81219 4.29981 1.482 1
4.81219 4.29981 1.502 1
4.81219 4.29981 1.592 1
4.81219 4.29981 1.608 1
4.81219 4.29981 8.108 1
4.81219 4.29981 8.124 1
4.81219 4.29981 8.214 1
4.81219 4.29981 8.234 1
4.81219 4.29981 8.324 1
4.81219 4.29981 8.34 1
4.81219 4.29981 9.59 1
4.81219 4.29981 9.606 1
4.81219 4.29981 9.696 1
4.29981 3.78742 0.02 1
4.29981 3.78742 0.11 1
4.29981 3.78742 0.126 1
4.29981 3.78742 1.376 1
4.29981 3.78742 1.392 1
4.29981 3.78742 1.482 1
4.29981 3.78742 1.502 1
4.29981 3.78742 1.592 1
4.29981 3.78742 1.608 1
4.29981 3.78742 8.108 1
4.29981 3.78742 8.124 1
4.29981 3.78742 8.214 1
4.29981 3.78742 8.234 1
4.29981 3.78742 8.324 1
4.29981 3.78742 8.34 1
4.29981 3.78742 9.59 1
4.29981 3.78742 9.606 1
4.29981 3.78742 9.696 1
3.78742 3.21278 0.02 1
3.78742 3.21278 0.11 1
3.78742 3.21278 0.126 1
3.78742 3.21278 1.376 1
3.78742 3.21278 1.392 1
3.78742 3.21278 1.482 1
3.78742 3.21278 1.502 1
3.78742 3.21278 1.592 1
3.78742 3.21278 1.608 1
3.78742 3.21278 8.108 1
3.78742 3.21278 8.124 1
3.78742 3.21278 8.214 1
3.78742 3.21278 8.234 1
3.78742 3.21278 8.324 1
3.78742 3.21278 8.34 1
3.78742 3.21278 9.59 1
3.78742 3.21278 9.606 1
3.78742 3.21278 9.696 1
3.21278 2.74705 0.02 1
3.21278 2.74705 0.11 1
3.21278 2.74705 0.126 1
3.21278 2.74705 1.376 1
3.21278 2.74705 1.392 1
3.21278 2.74705 1.482 1
3.21278 2.74705 1.502 1
3.21278 2.74705 1.592 1
3.21278 2.74705 1.608 1
3.21278 2.74705 8.108 1
3.21278 2.74705 8.124 1
3.21278 2.74705 8.214 1
3.21278 2.74705 8.234 1
3.21278 2.74705 8.324 1
3.21278 2.74705 8.34 1
3.21278 2.74705 9.59 1
3.21278 2.74705 9.606 1
3.21278 2.74705 9.696 1
2.74705 2.36959 0.02 1
2.74705 2.36959 0.11 1
2.74705 2.36959 0.126 1
2.74705 2.36959 1.376 1
2.74705 2.36959 1.392 1
2.74705 2.36959 1.482 1
2.74705 2.36959 1.502 1
2.74705 2.36959 1.592 1
2.74705 2.36959 1.608 1
2.74705 2.36959 8.108 1
2.74705 2.36959 8.124 1
2.74705 2.36959 8.214 1
2.74705 2.36959 8.234 1
2.74705 2.36959 8.324 1
2.74705 2.36959 8.34 1
2.74705 2.36959 9.59 1
2.74705 2.36959 9.606 1
2.74705 2.36959 9.696 1
2.36959 2.06367 0.02 1
2.36959 2.06367 0.11 1
2.36959 2.06367 0.126 1
2.36959 2.06367 1.376 1
2.36959 2.06367 1.392 1
2.36959 2.06367 1.482 1
2.36959 2.06367 1.502 1
2.36959 2.06367 1.592 1
2.36959 2.06367 1.608 1
2.36959 2.06367 8.108 1
2.36959 2.06367 8.124 1
2.36959 2.06367 8.214 1
2.36959 2.06367 8.234 1
2.36959 2.06367 8.324 1
2.36959 2.06367 8.34 1
2.36959 2.06367 9.59 1
2.36959 2.06367 9.606 1
2.36959 2.06367 9.696 1
2.06367 1.81573 0.02 1
2.06367 1.81573 0.11 1
2.06367 1.81573 0.126 1
2.06367 1.81573 1.376 1
2.06367 1.81573 1.392 1
2.06367 1.81573 1.482 1
2.06367 1.81573 1.502 1
2.06367 1.81573 1.592 1
2.06367 1.81573 1.608 1
2.06367 1.81573 8.108 1
2.06367 1.81573 8.124 1
2.06367 1.81573 8.214 1
2.06367 1.81573 8.234 1
2.06367 1.81573 8.324 1
2.06367 1.81573 8.34 1
2.06367 1.81573 9.59 1
2.06367 1.81573 9.606 1
2.06367 1.81573 9.696 1
1.81573 1.61479 0.02 1
1.81573 1.61479 0.11 1
1.81573 1.61479 0.126 1
1.81573 1.61479 1.376 1
1.81573 1.61479 1.392 1
1.81573 1.61479 1.482 1
1.81573 1.61479 1.502 1
1.81573 1.61479 1.592 1
1.81573 1.61479 1.608 1
1.81573 1.61479 8.108 1
1.81573 1.61479 8.124 1
1.81573 1.61479 8.214 1
1.81573 1.61479 8.234 1
1.81573 1.61479 8.324 1
1.81573 1.61479 8.34 1
1.81573 1.61479 9.59 1
1.81573 1.61479 9.606 1
1.81573 1.61479 9.696 1
1.61479 1.45193 0.02 1
1.61479 1.45193 0.11 1
1.61479 1.45193 0.126 1
1.61479 1.45193 1.376 1
1.61479 1.45193 1.392 1
1.61479 1.45193 1.482 1
1.61479 1.45193 1.502 1
1.61479 1.45193 1.592 1
1.61479 1.45193 1.608 1
1.61479 1.45193 8.108 1
1.61479 1.45193 8.124 1
1.61479 1.45193 8.214 1
1.61479 1.45193 8.234 1
1.61479 1.45193 8.324 1
1.61479 1.45193 8.34 1
1.61479 1.45193 9.59 1
1.61479 1.45193 9.606 1
1.61479 1.45193 9.696 1
1.45193 1.31994 0.02 1
1.45193 1.31994 0.11 1
1.45193 1.31994 0.126 1
1.45193 1.31994 1.376 1
1.45193 1.31994 1.392 1
1.45193 1.31994 1.482 1
1.45193 1.31994 1.502 1
1.45193 1.31994 1.592 1
1.45193 1.31994 1.608 1
1.45193 1.31994 8.108 1
1.45193 1.31994 8.124 1
1.45193 1.31994 8.214 1
1.45193 1.31994 8.234 1
1.45193 1.31994 8.324 1
1.45193 1.31994 8.34 1
1.45193 1.31994 9.59 1
1.45193 1.31994 9.606 1
1.45193 1.31994 9.696 1
1.31994 1.21297 0.02 1
1.31994 1.21297 0.11 1
1.31994 1.21297 0.126 1
1.31994 1.21297 1.376 1
1.31994 1.21297 1.392 1
1.31994 1.21297 1.482 1
1.31994 1.21297 1.502 1
1.31994 1.21297 1.592 1
1.31994 1.21297 1.608 1
1.31994 1.21297 8.108 1
1.31994 1.21297 8.124 1
1.31994 1.21297 8.214 1
1.31994 1.21297 8.234 1
1.31994 1.21297 8.324 1
1.31994 1.21297 8.34 1
1.31994 1.21297 9.59 1
1.31994 1.21297 9.606 1
1.31994 1.21297 9.696 1
1.21297 1.12627 0.02 1
1.21297 1.12627 0.11 1
1.21297 1.12627 0.126 1
1.21297 1.12627 1.376 1
1.21297 1.12627 1.392 1
1.21297 1.12627 1.482 1
1.21297 1.12627 1.502 1
1.21297 1.12627 1.592 1
1.21297 1.12627 1.608 1
1.21297 1.12627 8.108 1
1.21297 1.12627 8.124 1
1.21297 1.12627 8.214 1
1.21297 1.12627 8.234 1
1.21297 1.12627 8.324 1
1.21297 1.12627 8.34 1
1.21297 1.12627 9.59 1
1.21297 1.12627 9.606 1
1.21297 1.12627 9.696 1
1.12627 1.056 0.02 1
1.12627 1.056 0.11 1
1.12627 1.056 0.126 1
1.12627 1.056 1.376 1
1.12627 1.056 1.392 1
1.12627 1.056 1.482 1
1.12627 1.056 1.502 1
1.12627 1.056 1.592 1
1.12627 1.056 1.608 1
1.12627 1.056 8.108 1
1.12627 1.056 8.124 1
1.12627 1.056 8.214 1
1.12627 1.056 8.234 1
1.12627 1.056 8.324 1
1.12627 1.056 8.34 1
1.12627 1.056 9.59 1
1.12627 1.056 9.606 1
1.12627 1.056 9.696 1
1.056 1.02506 0.02 1
1.056 1.02506 0.11 1
1.056 1.02506 0.126 1
1.056 1.02506 9.59 1
1.056 1.02506 9.606 1
1.056 1.02506 9.696 1
1.02506 0.99412 0.02 1
1.02506 0.99412 0.11 1
1.02506 0.99412 0.126 1
1.02506 0.99412 9.59 1
1.02506 0.99412 9.606 1
1.02506 0.99412 9.696 1
0.99412 0.963181 0.02 1
0.99412 0.963181 0.11 1
0.99412 0.963181 0.126 1
0.99412 0.963181 9.59 1
0.99412 0.963181 9.606 1
0.99412 0.963181 9.696 1
0.963181 0.932241 0.02 1
0.963181 0.932241 0.11 1
0.963181 0.932241 0.126 1
0.963181 0.932241 9.59 1
0.963181 0.932241 9.606 1
0.963181 0.932241 9.696 1
0.932241 0.904981 0.02 1
0.932241 0.904981 0.11 1
0.932241 0.904981 0.126 1
0.932241 0.904981 9.59 1
0.932241 0.904981 9.606 1
0.932241 0.904981 9.696 1
0.904981 0.882887 0.02 1
0.904981 0.882887 0.11 1
0.904981 0.882887 0.126 1
0.904981 0.882887 9.59 1
0.904981 0.882887 9.606 1
0.904981 0.882887 9.696 1
0.882887 0.864981 0.02 1
0.882887 0.864981 0.11 1
0.882887 0.864981 0.126 1
0.882887 0.864981 9.59 1
0.882887 0.864981 9.606 1
0.882887 0.864981 9.696 1
0.864981 0.850469 0.02 1
0.864981 0.850469 0.11 1
0.864981 0.850469 0.126 1
0.864981 0.850469 9.59 1
0.864981 0.850469 9.606 1
0.864981 0.850469 9.696 1
0.850469 0.838707 0.02 1
0.850469 0.838707 0.11 1
0.850469 0.838707 0.126 1
0.850469 0.838707 9.59 1
0.850469 0.838707 9.606 1
0.850469 0.838707 9.696 1
0.838707 0.829175 0.02 1
0.838707 0.829175 0.11 1
0.838707 0.829175 0.126 1
0.838707 0.829175 9.59 1
0.838707 0.829175 9.606 1
0.838707 0.829175 9.696 1
0.829175 0.821449 0.02 1
0.829175 0.821449 0.11 1
0.829175 0.821449 0.126 1
0.829175 0.821449 9.59 1
0.829175 0.821449 9.606 1
0.829175 0.821449 9.696 1
0.821449 0.815188 0.02 1
0.821449 0.815188 0.11 1
0.821449 0.815188 0.126 1
0.821449 0.815188 9.59 1
0.821449 0.815188 9.606 1
0.821449 0.815188 9.696 1
0.815188 0.810113 0.02 1
0.815188 0.810113 0.11 1
0.815188 0.810113 0.126 1
0.815188 0.810113 9.59 1
0.815188 0.810113 9.606 1
0.815188 0.810113 9.696 1
0.810113 0.806 0.02 1
0.810113 0.806 0.11 1
0.810113 0.806 0.126 1
0.810113 0.806 9.59 1
0.810113 0.806 9.606 1
0.810113 0.806 9.696 1
0.806 0.802667 0.02 1
0.806 0.802667 0.11 1
0.806 0.802667 0.126 1
0.806 0.802667 1.376 1
0.806 0.802667 8.34 1
0.806 0.802667 9.59 1
0.806 0.802667 9.606 1
0.806 0.802667 9.696 1
0.802667 0.799333 0.02 1
0.802667 0.799333 0.11 1
0.802667 0.799333 0.126 1
0.802667 0.799333 1.376 1
0.802667 0.799333 8.34 1
0.802667 0.799333 9.59 1
0.802667 0.799333 9.606 1
0.802667 0.799333 9.696 1
0.799333 0.796 0.02 1
0.799333 0.796 0.11 1
0.799333 0.796 0.126 1
0.799333 0.796 1.376 1
0.799333 0.796 8.34 1
0.799333 0.796 9.59 1
0.799333 0.796 9.606 1
0.799333 0.796 9.696 1
0.796 0.791887 0.02 1
0.796 0.791887 0.11 1
0.796 0.791887 0.126 1
0.796 0.791887 1.376 1
0.796 0.791887 8.34 1
0.796 0.791887 9.59 1
0.796 0.791887 9.606 1
0.796 0.791887 9.696 1
0.791887 0.787962 0.02 1
0.791887 0.787962 0.11 1
0.791887 0.787962 0.126 1
0.791887 0.787962 1.376 1
0.791887 0.787962 8.34 1
0.791887 0.787962 9.59 1
0.791887 0.787962 9.606 1
0.791887 0.787962 9.696 1
0.787962 0.784038 0.02 1
0.787962 0.784038 0.11 1
0.787962 0.784038 0.126 1
0.787962 0.784038 1.376 1
0.787962 0.784038 8.34 1
0.787962 0.784038 9.59 1
0.787962 0.784038 9.606 1
0.787962 0.784038 9.696 1
0.784038 0.780113 0.02 1
0.784038 0.780113 0.11 1
0.784038 0.780113 0.126 1
0.784038 0.780113 1.376 1
0.784038 0.780113 8.34 1
0.784038 0.780113 9.59 1
0.784038 0.780113 9.606 1
0.784038 0.780113 9.696 1
0.780113 0.776 0.02 1
0.780113 0.776 0.11 1
0.780113 0.776 0.126 1
0.780113 0.776 1.376 1
0.780113 0.776 8.34 1
0.780113 0.776 9.59 1
0.780113 0.776 9.606 1
0.780113 0.776 9.696 1
0.776 0.772667 0.02 1
0.776 0.772667 0.11 1
0.776 0.772667 0.126 1
0.776 0.772667 1.376 1
0.776 0.772667 8.34 1
0.776 0.772667 9.59 1
0.776 0.772667 9.606 1
0.776 0.772667 9.696 1
0.772667 0.769333 0.02 1
0.772667 0.769333 0.11 1
0.772667 0.769333 0.126 1
0.772667 0.769333 1.376 1
0.772667 0.769333 8.34 1
0.772667 0.769333 9.59 1
0.772667 0.769333 9.606 1
0.772667 0.769333 9.696 1
0.769333 0.766 0.02 1
0.769333 0.766 0.11 1
0.769333 0.766 0.126 1
0.769333 0.766 1.376 1
0.769333 0.766 8.34 1
0.769333 0.766 9.59 1
0.769333 0.766 9.606 1
0.769333 0.766 9.696 1
0.766 0.761887 0.02 1
0.766 0.761887 0.11 1
0.766 0.761887 0.126 1
0.766 0.761887 9.59 1
0.766 0.761887 9.606 1
0.766 0.761887 9.696 1
0.761887 0.756812 0.02 1
0.761887 0.756812 0.11 1
0.761887 0.756812 0.126 1
0.761887 0.756812 9.59 1
0.761887 0.756812 9.606 1
0.761887 0.756812 9.696 1
0.756812 0.750551 0.02 1
0.756812 0.750551 0.11 1
0.756812 0.750551 0.126 1
0.756812 0.750551 9.59 1
0.756812 0.750551 9.606 1
0.756812 0.750551 9.696 1
0.750551 0.742825 0.02 1
0.750551 0.742825 0.11 1
0.750551 0.742825 0.126 1
0.750551 0.742825 9.59 1
0.750551 0.742825 9.606 1
0.750551 0.742825 9.696 1
0.742825 0.733293 0.02 1
0.742825 0.733293 0.11 1
0.742825 0.733293 0.126 1
0.742825 0.733293 9.59 1
0.742825 0.733293 9.606 1
0.742825 0.733293 9.696 1
0.733293 0.721764 0.02 1
0.733293 0.721764 0.11 1
0.733293 0.721764 0.126 1
0.733293 0.721764 9.59 1
0.733293 0.721764 9.606 1
0.733293 0.721764 9.696 1
0.721764 0.710236 0.02 1
0.721764 0.710236 0.11 1
0.721764 0.710236 0.126 1
0.721764 0.710236 9.59 1
0.721764 0.710236 9.606 1
0.721764 0.710236 9.696 1
0.710236 0.698707 0.02 1
0.710236 0.698707 0.11 1
0.710236 0.698707 0.126 1
0.710236 0.698707 9.59 1
0.710236 0.698707 9.606 1
0.710236 0.698707 9.696 1
0.698707 0.689175 0.02 1
0.698707 0.689175 0.11 1
0.698707 0.689175 0.126 1
0.698707 0.689175 9.59 1
0.698707 0.689175 9.606 1
0.698707 0.689175 9.696 1
0.689175 0.681449 0.02 1
0.689175 0.681449 0.11 1
0.689175 0.681449 0.126 1
0.689175 0.681449 9.59 1
0.689175 0.681449 9.606 1
0.689175 0.681449 9.696 1
0.681449 0.675188 0.02 1
0.681449 0.675188 0.11 1
0.681449 0.675188 0.126 1
0.681449 0.675188 9.59 1
0.681449 0.675188 9.606 1
0.681449 0.675188 9.696 1
0.675188 0.670113 0.02 1
0.675188 0.670113 0.11 1
0.675188 0.670113 0.126 1
0.675188 0.670113 9.59 1
0.675188 0.670113 9.606 1
0.675188 0.670113 9.696 1
0.670113 0.666 0.02 1
0.670113 0.666 0.11 1
0.670113 0.666 0.126 1
0.670113 0.666 9.59 1
0.670113 0.666 9.606 1
0.670113 0.666 9.696 1
0.666 0.662667 0.02 1
0.666 0.662667 0.11 1
0.666 0.662667 0.126 1
0.666 0.662667 1.376 1
0.666 0.662667 8.34 1
0.666 0.662667 9.59 1
0.666 0.662667 9.606 1
0.666 0.662667 9.696 1
0.662667 0.659333 0.02 1
0.662667 0.659333 0.11 1
0.662667 0.659333 0.126 1
0.662667 0.659333 1.376 1
0.662667 0.659333 8.34 1
0.662667 0.659333 9.59 1
0.662667 0.659333 9.606 1
0.662667 0.659333 9.696 1
0.659333 0.656 0.02 1
0.659333 0.656 0.11 1
0.659333 0.656 0.126 1
0.659333 0.656 1.376 1
0.659333 0.656 8.34 1
0.659333 0.656 9.59 1
0.659333 0.656 9.606 1
0.659333 0.656 9.696 1
0.656 0.651887 0.02 1
0.656 0.651887 0.11 1
0.656 0.651887 0.126 1
0.656 0.651887 1.376 1
0.656 0.651887 8.34 1
0.656 0.651887 9.59 1
0.656 0.651887 9.606 1
0.656 0.651887 9.696 1
0.651887 0.647962 0.02 1
0.651887 0.647962 0.11 1
0.651887 0.647962 0.126 1
0.651887 0.647962 1.376 1
0.651887 0.647962 8.34 1
0.651887 0.647962 9.59 1
0.651887 0.647962 9.606 1
0.651887 0.647962 9.696 1
0.647962 0.644038 0.02 1
0.647962 0.644038 0.11 1
0.647962 0.644038 0.126 1
0.647962 0.644038 1.376 1
0.647962 0.644038 8.34 1
0.647962 0.644038 9.59 1
0.647962 0.644038 9.606 1
0.647962 0.644038 9.696 1
0.644038 0.640113 0.02 1
0.644038 0.640113 0.11 1
0.644038 0.640113 0.126 1
0.644038 0.640113 1.376 1
0.644038 0.640113 8.34 1
0.644038 0.640113 9.59 1
0.644038 0.640113 9.606 1
0.644038 0.640113 9.696 1
0.640113 0.636 0.02 1
0.640113 0.636 0.11 1
0.640113 0.636 0.126 1
0.640113 0.636 1.376 1
0.640113 0.636 8.34 1
0.640113 0.636 9.59 1
0.640113 0.636 9.606 1
0.640113 0.636 9.696 1
0.636 0.632667 0.02 1
0.636 0.632667 0.11 1
0.636 0.632667 0.126 1
0.636 0.632667 1.376 1
0.636 0.632667 8.34 1
0.636 0.632667 9.59 1
0.636 0.632667 9.606 1
0.636 0.632667 9.696 1
0.632667 0.629333 0.02 1
0.632667 0.629333 0.11 1
0.632667 0.629333 0.126 1
0.632667 0.629333 1.376 1
0.632667 0.629333 8.34 1
0.632667 0.629333 9.59 1
0.632667 0.629333 9.606 1
0.632667 0.629333 9.696 1
0.629333 0.626 0.02 1
0.629333 0.626 0.11 1
0.629333 0.626 0.126 1
0.629333 0.626 1.376 1
0.629333 0.626 8.34 1
0.629333 0.626 9.59 1
0.629333 0.626 9.606 1
0.629333 0.626 9.696 1
0.626 0.621887 0.02 1
0.626 0.621887 0.11 1
0.626 0.621887 0.126 1
0.626 0.621887 9.59 1
0.626 0.621887 9.606 1
0.626 0.621887 9.696 1
0.621887 0.616812 0.02 1
0.621887 0.616812 0.11 1
0.621887 0.616812 0.126 1
0.621887 0.616812 9.59 1
0.621887 0.616812 9.606 1
0.621887 0.616812 9.696 1
0.616812 0.610551 0.02 1
0.616812 0.610551 0.11 1
0.616812 0.610551 0.126 1
0.616812 0.610551 9.59 1
0.616812 0.610551 9.606 1
0.616812 0.610551 9.696 1
0.610551 0.602825 0.02 1
0.610551 0.602825 0.11 1
0.610551 0.602825 0.126 1
0.610551 0.602825 9.59 1
0.610551 0.602825 9.606 1
0.610551 0.602825 9.696 1
0.602825 0.593293 0.02 1
0.602825 0.593293 0.11 1
0.602825 0.593293 0.126 1
0.602825 0.593293 9.59 1
0.602825 0.593293 9.606 1
0.602825 0.593293 9.696 1
0.593293 0.581531 0.02 1
0.593293 0.581531 0.11 1
0.593293 0.581531 0.126 1
0.593293 0.581531 9.59 1
0.593293 0.581531 9.606 1
0.593293 0.581531 9.696 1
0.581531 0.567019 0.02 1
0.581531 0.567019 0.11 1
0.581531 0.567019 0.126 1
0.581531 0.567019 9.59 1
0.581531 0.567019 9.606 1
0.581531 0.567019 9.696 1
0.567019 0.549113 0.02 1
0.567019 0.549113 0.11 1
0.567019 0.549113 0.126 1
0.567019 0.549113 9.59 1
0.567019 0.549113 9.606 1
0.567019 0.549113 9.696 1
0.549113 0.527019 0.02 1
0.549113 0.527019 0.11 1
0.549113 0.527019 0.126 1
0.549113 0.527019 9.59 1
0.549113 0.527019 9.606 1
0.549113 0.527019 9.696 1
0.527019 0.499759 0.02 1
0.527019 0.499759 0.11 1
0.527019 0.499759 0.126 1
0.527019 0.499759 9.59 1
0.527019 0.499759 9.606 1
0.527019 0.499759 9.696 1
0.499759 0.466124 0.02 1
0.499759 0.466124 0.11 1
0.499759 0.466124 0.126 1
0.499759 0.466124 9.59 1
0.499759 0.466124 9.606 1
0.499759 0.466124 9.696 1
0.466124 0.424623 0.02 1
0.466124 0.424623 0.11 1
0.466124 0.424623 0.126 1
0.466124 0.424623 9.59 1
0.466124 0.424623 9.606 1
0.466124 0.424623 9.696 1
0.424623 0.389559 0.02 1
0.424623 0.389559 0.11 1
0.424623 0.389559 0.126 1
0.424623 0.389559 9.59 1
0.424623 0.389559 9.606 1
0.424623 0.389559 9.696 1
0.389559 0.354496 0.02 1
0.389559 0.354496 0.11 1
0.389559 0.354496 0.126 1
0.389559 0.354496 9.59 1
0.389559 0.354496 9.606 1
0.389559 0.354496 9.696 1
0.354496 0.319432 0.02 1
0.354496 0.319432 0.11 1
0.354496 0.319432 0.126 1
0.354496 0.319432 9.59 1
0.354496 0.319432 9.606 1
0.354496 0.319432 9.696 1
0.319432 0.284369 0.02 1
0.319432 0.284369 0.11 1
0.319432 0.284369 0.126 1
0.319432 0.284369 9.59 1
0.319432 0.284369 9.606 1
0.319432 0.284369 9.696 1
0.284369 0.249019 0.02 1
0.284369 0.249019 0.11 1
0.284369 0.249019 0.126 1
0.284369 0.249019 9.59 1
0.284369 0.249019 9.606 1
0.284369 0.249019 9.696 1
0.249019 0.22037 0.02 1
0.249019 0.22037 0.11 1
0.249019 0.22037 0.126 1
0.249019 0.22037 9.59 1
0.249019 0.22037 9.606 1
0.249019 0.22037 9.696 1
0.22037 0.19715 0.02 1
0.22037 0.19715 0.11 1
0.22037 0.19715 0.126 1
0.22037 0.19715 9.59 1
0.22037 0.19715 9.606 1
0.22037 0.19715 9.696 1
0.19715 0.178331 0.02 1
0.19715 0.178331 0.11 1
0.19715 0.178331 0.126 1
0.19715 0.178331 9.59 1
0.19715 0.178331 9.606 1
0.19715 0.178331 9.696 1
0.178331 0.16308 0.02 1
0.178331 0.16308 0.11 1
0.178331 0.16308 0.126 1
0.178331 0.16308 9.59 1
0.178331 0.16308 9.606 1
0.178331 0.16308 9.696 1
0.16308 0.150718 0.02 1
0.16308 0.150718 0.11 1
0.16308 0.150718 0.126 1
0.16308 0.150718 9.59 1
0.16308 0.150718 9.606 1
0.16308 0.150718 9.696 1
0.150718 0.1407 0.02 1
0.150718 0.1407 0.11 1
0.150718 0.1407 0.126 1
0.150718 0.1407 9.59 1
0.150718 0.1407 9.606 1
0.150718 0.1407 9.696 1
0.1407 0.132581 0.02 1
0.1407 0.132581 0.11 1
0.1407 0.132581 0.126 1
0.1407 0.132581 9.59 1
0.1407 0.132581 9.606 1
0.1407 0.132581 9.696 1
0.132581 0.126 0.02 1
0.132581 0.126 0.11 1
0.132581 0.126 0.126 1
0.132581 0.126 9.59 1
0.132581 0.126 9.606 1
0.132581 0.126 9.696 1
0.126 0.120667 0.02 1
0.126 0.120667 0.11 1
0.126 0.120667 9.606 1
0.126 0.120667 9.696 1
0.120667 0.115333 0.02 1
0.120667 0.115333 0.11 1
0.120667 0.115333 9.606 1
0.120667 0.115333 9.696 1
0.115333 0.11 0.02 1
0.115333 0.11 0.11 1
0.115333 0.11 9.606 1
0.115333 0.11 9.696 1
0.11 0.103419 0.02 1
0.11 0.103419 9.696 1
0.103419 0.0952999 0.02 1
0.103419 0.0952999 9.696 1
0.0952999 0.0852816 0.02 1
0.0952999 0.0852816 9.696 1
0.0852816 0.0729205 0.02 1
0.0852816 0.0729205 9.696 1
0.0729205 0.0614053 0.02 1
0.0729205 0.0614053 9.696 1
0.0614053 0.0498902 0.02 1
0.0614053 0.0498902 9.696 1
0.0498902 0.0383751 0.02 1
0.0498902 0.0383751 9.696 1
0.0383751 0.0282257 0.02 1
0.0383751 0.0282257 9.696 1
0.0282257 0.02 0.02 1
0.0282257 0.02 9.696 1

