0 0.0034 0.29 0
0.0034 0.00716005 0.29 0
0.00716005 0.0113183 0.29 0
0.0113183 0.0159169 0.29 0
0.0159169 0.0210025 0.29 0
0.0210025 0.0266266 0.29 0
0.0266266 0.0328463 0.29 0
0.0328463 0.0397247 0.29 0
0.0397247 0.0473314 0.29 0
0.0473314 0.0557438 0.29 0
0.0557438 0.065047 0.29 0
0.065047 0.0753353 0.29 0
0.0753353 0.0946647 0.29 0
0.0946647 0.104953 0.29 0
0.104953 0.114256 0.29 0
0.114256 0.122669 0.29 0
0.122669 0.130275 0.29 0
0.130275 0.137154 0.29 0
0.137154 0.143373 0.29 0
0.143373 0.148998 0.29 0
0.148998 0.154083 0.29 0
0.154083 0.158682 0.29 0
0.158682 0.16284 0.29 0
0.16284 0.1666 0.29 0
0.1666 0.17 0.29 0
0.17 0.1705 0.29 0
0.1705 0.171 0.29 0
0.171 0.1715 0.29 0
0.1715 0.172 0.29 0
0.172 0.1725 0.29 0
0.1725 0.173 0.29 0
0.173 0.1735 0.29 0
0.1735 0.174 0.29 0
0.174 0.1745 0.29 0
0.1745 0.175 0.29 0
0.175 0.1755 0.29 0
0.1755 0.176 0.29 0
0.176 0.1765 0.29 0
0.1765 0.177 0.29 0
0.177 0.1775 0.29 0
0.1775 0.178 0.29 0
0.178 0.1785 0.29 0
0.1785 0.179 0.29 0
0.179 0.1795 0.29 0
0.1795 0.18 0.29 0
0.18 0.1834 0.29 0
0.1834 0.18716 0.29 0
0.18716 0.191318 0.29 0
0.191318 0.195917 0.29 0
0.195917 0.201002 0.29 0
0.201002 0.206627 0.29 0
0.206627 0.212846 0.29 0
0.212846 0.219725 0.29 0
0.219725 0.227331 0.29 0
0.227331 0.235744 0.29 0
0.235744 0.245047 0.29 0
0.245047 0.255335 0.29 0
0.255335 0.274665 0.29 0
0.274665 0.284953 0.29 0
0.284953 0.294256 0.29 0
0.294256 0.302669 0.29 0
0.302669 0.310275 0.29 0
0.310275 0.317154 0.29 0
0.317154 0.323373 0.29 0
0.323373 0.328998 0.29 0
0.328998 0.334083 0.29 0
0.334083 0.338682 0.29 0
0.338682 0.34284 0.29 0
0.34284 0.3466 0.29 0
0.3466 0.35 0.29 0
0 0.0034 6.93889e-18 0
0.0034 0.00716005 6.93889e-18 0
0.00716005 0.0113183 6.93889e-18 0
0.0113183 0.0159169 6.93889e-18 0
0.0159169 0.0210025 6.93889e-18 0
0.0210025 0.0266266 6.93889e-18 0
0.0266266 0.0328463 6.93889e-18 0
0.0328463 0.0397247 6.93889e-18 0
0.0397247 0.0473314 6.93889e-18 0
0.0473314 0.0557438 6.93889e-18 0
0.0557438 0.065047 6.93889e-18 0
0.065047 0.0753353 6.93889e-18 0
0.0753353 0.0946647 6.93889e-18 0
0.0946647 0.104953 6.93889e-18 0
0.104953 0.114256 6.93889e-18 0
0.114256 0.122669 6.93889e-18 0
0.122669 0.130275 6.93889e-18 0
0.130275 0.137154 6.93889e-18 0
0.137154 0.143373 6.93889e-18 0
0.143373 0.148998 6.93889e-18 0
0.148998 0.154083 6.93889e-18 0
0.154083 0.158682 6.93889e-18 0
0.158682 0.16284 6.93889e-18 0
0.16284 0.1666 6.93889e-18 0
0.1666 0.17 6.93889e-18 0
0.17 0.1705 6.93889e-18 0
0.1705 0.171 6.93889e-18 0
0.171 0.1715 6.93889e-18 0
0.1715 0.172 6.93889e-18 0
0.172 0.1725 6.93889e-18 0
0.1725 0.173 6.93889e-18 0
0.173 0.1735 6.93889e-18 0
0.1735 0.174 6.93889e-18 0
0.174 0.1745 6.93889e-18 0
0.1745 0.175 6.93889e-18 0
0.175 0.1755 6.93889e-18 0
0.1755 0.176 6.93889e-18 0
0.176 0.1765 6.93889e-18 0
0.1765 0.177 6.93889e-18 0
0.177 0.1775 6.93889e-18 0
0.1775 0.178 6.93889e-18 0
0.178 0.1785 6.93889e-18 0
0.1785 0.179 6.93889e-18 0
0.179 0.1795 6.93889e-18 0
0.1795 0.18 6.93889e-18 0
0.18 0.1834 6.93889e-18 0
0.1834 0.18716 6.93889e-18 0
0.18716 0.191318 6.93889e-18 0
0.191318 0.195917 6.93889e-18 0
0.195917 0.201002 6.93889e-18 0
0.201002 0.206627 6.93889e-18 0
0.206627 0.212846 6.93889e-18 0
0.212846 0.219725 6.93889e-18 0
0.219725 0.227331 6.93889e-18 0
0.227331 0.235744 6.93889e-18 0
0.235744 0.245047 6.93889e-18 0
0.245047 0.255335 6.93889e-18 0
0.255335 0.274665 6.93889e-18 0
0.274665 0.284953 6.93889e-18 0
0.284953 0.294256 6.93889e-18 0
0.294256 0.302669 6.93889e-18 0
0.302669 0.310275 6.93889e-18 0
0.310275 0.317154 6.93889e-18 0
0.317154 0.323373 6.93889e-18 0
0.323373 0.328998 6.93889e-18 0
0.328998 0.334083 6.93889e-18 0
0.334083 0.338682 6.93889e-18 0
0.338682 0.34284 6.93889e-18 0
0.34284 0.3466 6.93889e-18 0
0.3466 0.35 6.93889e-18 0
0.29 0.261 0 1
0.29 0.261 0.17 1
0.29 0.261 0.18 1
0.29 0.261 0.35 1
0.261 0.232 0 1
0.261 0.232 0.17 1
0.261 0.232 0.18 1
0.261 0.232 0.35 1
0.232 0.203 0 1
0.232 0.203 0.17 1
0.232 0.203 0.18 1
0.232 0.203 0.35 1
0.203 0.174 0 1
0.203 0.174 0.17 1
0.203 0.174 0.18 1
0.203 0.174 0.35 1
0.174 0.145 0 1
0.174 0.145 0.17 1
0.174 0.145 0.18 1
0.174 0.145 0.35 1
0.145 0.116 0 1
0.145 0.116 0.17 1
0.145 0.116 0.18 1
0.145 0.116 0.35 1
0.116 0.087 0 1
0.116 0.087 0.17 1
0.116 0.087 0.18 1
0.116 0.087 0.35 1
0.087 0.058 0 1
0.087 0.058 0.17 1
0.087 0.058 0.18 1
0.087 0.058 0.35 1
0.058 0.029 0 1
0.058 0.029 0.17 1
0.058 0.029 0.18 1
0.058 0.029 0.35 1
0.029 0 0 1
0.029 0 0.17 1
0.029 0 0.18 1
0.029 0 0.35 1

