0.02 0.11 8.412 0
0.11 0.126 8.412 0
0.126 1.376 8.412 0
1.376 1.392 8.412 0
1.392 1.482 8.412 0
1.482 1.502 8.412 0
1.502 1.592 8.412 0
1.592 1.608 8.412 0
1.608 8.108 8.412 0
8.108 8.124 8.412 0
8.124 8.214 8.412 0
8.214 8.234 8.412 0
8.234 8.324 8.412 0
8.324 8.34 8.412 0
8.34 9.59 8.412 0
9.59 9.606 8.412 0
9.606 9.696 8.412 0
0.11 0.126 8.322 0
0.126 1.376 8.322 0
1.376 1.392 8.322 0
1.392 1.482 8.322 0
1.482 1.502 8.322 0
1.502 1.592 8.322 0
1.592 1.608 8.322 0
1.608 8.108 8.322 0
8.108 8.124 8.322 0
8.124 8.214 8.322 0
8.214 8.234 8.322 0
8.234 8.324 8.322 0
8.324 8.34 8.322 0
8.34 9.59 8.322 0
9.59 9.606 8.322 0
0.126 1.376 8.306 0
1.376 1.392 8.306 0
1.392 1.482 8.306 0
1.482 1.502 8.306 0
1.502 1.592 8.306 0
1.592 1.608 8.306 0
1.608 8.108 8.306 0
8.108 8.124 8.306 0
8.124 8.214 8.306 0
8.214 8.234 8.306 0
8.234 8.324 8.306 0
8.324 8.34 8.306 0
8.34 9.59 8.306 0
1.376 1.392 8.056 0
1.392 1.482 8.056 0
1.482 1.502 8.056 0
1.502 1.592 8.056 0
1.592 1.608 8.056 0
8.108 8.124 8.056 0
8.124 8.214 8.056 0
8.214 8.234 8.056 0
8.234 8.324 8.056 0
8.324 8.34 8.056 0
1.376 1.392 1.056 0
1.392 1.482 1.056 0
1.482 1.502 1.056 0
1.502 1.592 1.056 0
1.592 1.608 1.056 0
8.108 8.124 1.056 0
8.124 8.214 1.056 0
8.214 8.234 1.056 0
8.234 8.324 1.056 0
8.324 8.34 1.056 0
1.376 1.392 0.806 0
1.392 1.482 0.806 0
1.482 1.502 0.806 0
1.502 1.592 0.806 0
1.592 1.608 0.806 0
1.608 8.108 0.806 0
8.108 8.124 0.806 0
8.124 8.214 0.806 0
8.214 8.234 0.806 0
8.234 8.324 0.806 0
8.324 8.34 0.806 0
1.376 1.392 0.796 0
1.392 1.482 0.796 0
1.482 1.502 0.796 0
1.502 1.592 0.796 0
1.592 1.608 0.796 0
1.608 8.108 0.796 0
8.108 8.124 0.796 0
8.124 8.214 0.796 0
8.214 8.234 0.796 0
8.234 8.324 0.796 0
8.324 8.34 0.796 0
1.376 1.392 0.776 0
1.392 1.482 0.776 0
1.482 1.502 0.776 0
1.502 1.592 0.776 0
1.592 1.608 0.776 0
1.608 8.108 0.776 0
8.108 8.124 0.776 0
8.124 8.214 0.776 0
8.214 8.234 0.776 0
8.234 8.324 0.776 0
8.324 8.34 0.776 0
1.376 1.392 0.766 0
1.392 1.482 0.766 0
1.482 1.502 0.766 0
1.502 1.592 0.766 0
1.592 1.608 0.766 0
1.608 8.108 0.766 0
8.108 8.124 0.766 0
8.124 8.214 0.766 0
8.214 8.234 0.766 0
8.234 8.324 0.766 0
8.324 8.34 0.766 0
1.376 1.392 0.666 0
1.392 1.482 0.666 0
1.482 1.502 0.666 0
1.502 1.592 0.666 0
1.592 1.608 0.666 0
1.608 8.108 0.666 0
8.108 8.124 0.666 0
8.124 8.214 0.666 0
8.214 8.234 0.666 0
8.234 8.324 0.666 0
8.324 8.34 0.666 0
1.376 1.392 0.656 0
1.392 1.482 0.656 0
1.482 1.502 0.656 0
1.502 1.592 0.656 0
1.592 1.608 0.656 0
1.608 8.108 0.656 0
8.108 8.124 0.656 0
8.124 8.214 0.656 0
8.214 8.234 0.656 0
8.234 8.324 0.656 0
8.324 8.34 0.656 0
1.376 1.392 0.636 0
1.392 1.482 0.636 0
1.482 1.502 0.636 0
1.502 1.592 0.636 0
1.592 1.608 0.636 0
1.608 8.108 0.636 0
8.108 8.124 0.636 0
8.124 8.214 0.636 0
8.214 8.234 0.636 0
8.234 8.324 0.636 0
8.324 8.34 0.636 0
1.376 1.392 0.626 0
1.392 1.482 0.626 0
1.482 1.502 0.626 0
1.502 1.592 0.626 0
1.592 1.608 0.626 0
1.608 8.108 0.626 0
8.108 8.124 0.626 0
8.124 8.214 0.626 0
8.214 8.234 0.626 0
8.234 8.324 0.626 0
8.324 8.34 0.626 0
0.126 1.376 0.126 0
1.376 1.392 0.126 0
1.392 1.482 0.126 0
1.482 1.502 0.126 0
1.502 1.592 0.126 0
1.592 1.608 0.126 0
1.608 8.108 0.126 0
8.108 8.124 0.126 0
8.124 8.214 0.126 0
8.214 8.234 0.126 0
8.234 8.324 0.126 0
8.324 8.34 0.126 0
8.34 9.59 0.126 0
0.11 0.126 0.11 0
0.126 1.376 0.11 0
1.376 1.392 0.11 0
1.392 1.482 0.11 0
1.482 1.502 0.11 0
1.502 1.592 0.11 0
1.592 1.608 0.11 0
1.608 8.108 0.11 0
8.108 8.124 0.11 0
8.124 8.214 0.11 0
8.214 8.234 0.11 0
8.234 8.324 0.11 0
8.324 8.34 0.11 0
8.34 9.59 0.11 0
9.59 9.606 0.11 0
0.02 0.11 0.02 0
0.11 0.126 0.02 0
0.126 1.376 0.02 0
1.376 1.392 0.02 0
1.392 1.482 0.02 0
1.482 1.502 0.02 0
1.502 1.592 0.02 0
1.592 1.608 0.02 0
1.608 8.108 0.02 0
8.108 8.124 0.02 0
8.124 8.214 0.02 0
8.214 8.234 0.02 0
8.234 8.324 0.02 0
8.324 8.34 0.02 0
8.34 9.59 0.02 0
9.59 9.606 0.02 0
9.606 9.696 0.02 0
8.412 8.322 0.02 1
8.412 8.322 9.696 1
8.322 8.306 0.02 1
8.322 8.306 0.11 1
8.322 8.306 9.606 1
8.322 8.306 9.696 1
8.306 8.056 0.02 1
8.306 8.056 0.11 1
8.306 8.056 0.126 1
8.306 8.056 9.59 1
8.306 8.056 9.606 1
8.306 8.056 9.696 1
8.056 1.056 0.02 1
8.056 1.056 0.11 1
8.056 1.056 0.126 1
8.056 1.056 1.376 1
8.056 1.056 1.392 1
8.056 1.056 1.482 1
8.056 1.056 1.502 1
8.056 1.056 1.592 1
8.056 1.056 1.608 1
8.056 1.056 8.108 1
8.056 1.056 8.124 1
8.056 1.056 8.214 1
8.056 1.056 8.234 1
8.056 1.056 8.324 1
8.056 1.056 8.34 1
8.056 1.056 9.59 1
8.056 1.056 9.606 1
8.056 1.056 9.696 1
1.056 0.806 0.02 1
1.056 0.806 0.11 1
1.056 0.806 0.126 1
1.056 0.806 9.59 1
1.056 0.806 9.606 1
1.056 0.806 9.696 1
0.806 0.796 0.02 1
0.806 0.796 0.11 1
0.806 0.796 0.126 1
0.806 0.796 1.376 1
0.806 0.796 8.34 1
0.806 0.796 9.59 1
0.806 0.796 9.606 1
0.806 0.796 9.696 1
0.796 0.776 0.02 1
0.796 0.776 0.11 1
0.796 0.776 0.126 1
0.796 0.776 1.376 1
0.796 0.776 8.34 1
0.796 0.776 9.59 1
0.796 0.776 9.606 1
0.796 0.776 9.696 1
0.776 0.766 0.02 1
0.776 0.766 0.11 1
0.776 0.766 0.126 1
0.776 0.766 1.376 1
0.776 0.766 8.34 1
0.776 0.766 9.59 1
0.776 0.766 9.606 1
0.776 0.766 9.696 1
0.766 0.666 0.02 1
0.766 0.666 0.11 1
0.766 0.666 0.126 1
0.766 0.666 9.59 1
0.766 0.666 9.606 1
0.766 0.666 9.696 1
0.666 0.656 0.02 1
0.666 0.656 0.11 1
0.666 0.656 0.126 1
0.666 0.656 1.376 1
0.666 0.656 8.34 1
0.666 0.656 9.59 1
0.666 0.656 9.606 1
0.666 0.656 9.696 1
0.656 0.636 0.02 1
0.656 0.636 0.11 1
0.656 0.636 0.126 1
0.656 0.636 1.376 1
0.656 0.636 8.34 1
0.656 0.636 9.59 1
0.656 0.636 9.606 1
0.656 0.636 9.696 1
0.636 0.626 0.02 1
0.636 0.626 0.11 1
0.636 0.626 0.126 1
0.636 0.626 1.376 1
0.636 0.626 8.34 1
0.636 0.626 9.59 1
0.636 0.626 9.606 1
0.636 0.626 9.696 1
0.626 0.126 0.02 1
0.626 0.126 0.11 1
0.626 0.126 0.126 1
0.626 0.126 9.59 1
0.626 0.126 9.606 1
0.626 0.126 9.696 1
0.126 0.11 0.02 1
0.126 0.11 0.11 1
0.126 0.11 9.606 1
0.126 0.11 9.696 1
0.11 0.02 0.02 1
0.11 0.02 9.696 1

